-1156361.773483 -1397303.684387 
-1156309.938042 -1397305.579529 
-1156254.136269 -1397315.258179 
-1156194.928162 -1397320.720825 
-1156140.946953 -1397324.689636 
-1156073.455040 -1397325.895081 
-1156002.413170 -1397328.106079 
-1155947.367661 -1397330.275879 
-1155894.590942 -1397332.891235 
-1155827.372543 -1397338.205872 
-1155760.932343 -1397345.037231 
-1155699.781982 -1397351.026306 
-1155639.282982 -1397360.360107 
-1155569.263069 -1397372.634277 
-1155499.335091 -1397386.593018 
-1155428.122513 -1397399.282227 
-1155365.640823 -1397416.103516 
-1155290.329544 -1397426.664124 
-1155217.436783 -1397438.211975 
-1155156.148331 -1397445.411072 
-1155095.184509 -1397450.475464 
-1155030.876724 -1397457.540283 
-1154953.001587 -1397470.386658 
-1154889.243500 -1397484.693298 
-1154816.024200 -1397498.662720 
-1154752.273743 -1397509.143982 
-1154676.166718 -1397523.647461 
-1154607.538025 -1397535.791931 
-1154557.990448 -1397546.575317 
-1154485.643570 -1397557.550964 
-1154425.588409 -1397567.868958 
-1154367.031281 -1397577.770386 
-1154303.672592 -1397586.347351 
-1154234.136383 -1397596.093140 
-1154171.114532 -1397605.828247 
-1154108.092682 -1397613.353882 
-1154054.228775 -1397620.864258 
-1153973.681824 -1397635.189209 
-1153920.181458 -1397643.871460 
-1153866.966431 -1397652.549133 
-1153792.116348 -1397666.694031 
-1153716.791718 -1397680.466614 
-1153662.135880 -1397691.027222 
-1153599.173920 -1397705.022583 
-1153541.429703 -1397717.604980 
-1153481.087296 -1397730.793152 
-1153420.940582 -1397742.664490 
-1153357.871429 -1397757.454834 
-1153296.046631 -1397770.762024 
-1153235.328476 -1397783.785400 
-1153177.635757 -1397796.807251 
-1153121.272842 -1397808.893738 
-1153062.251465 -1397823.026428 
-1153002.397720 -1397836.239014 
-1152944.518463 -1397848.452148 
-1152890.231888 -1397860.047302 
-1152837.676041 -1397870.827637 
-1152779.489319 -1397880.823669 
-1152728.491394 -1397890.322266 
-1152645.238297 -1397905.338440 
-1152563.849442 -1397918.613586 
-1152511.259644 -1397927.262268 
-1152458.992950 -1397934.574280 
-1152403.800385 -1397943.639526 
-1152350.687973 -1397951.580200 
-1152300.227921 -1397959.079895 
-1152220.516006 -1397971.787415 
-1152168.945496 -1397979.738770 
-1152117.368500 -1397988.555298 
-1152065.346710 -1397996.848450 
-1152012.243073 -1398006.228027 
-1151959.333984 -1398015.468750 
-1151907.441895 -1398024.503479 
-1151854.635803 -1398032.981262 
-1151802.463715 -1398041.924438 
-1151749.223511 -1398052.031860 
-1151697.355835 -1398060.949097 
-1151644.747345 -1398071.109924 
-1151593.554108 -1398080.373535 
-1151541.943542 -1398089.647827 
-1151489.511292 -1398100.048218 
-1151438.857452 -1398109.845886 
-1151386.665527 -1398120.145569 
-1151335.167877 -1398130.373535 
-1151284.754364 -1398140.999756 
-1151231.792633 -1398151.076660 
-1151178.590576 -1398162.528381 
-1151126.039307 -1398173.325500 
-1151072.812836 -1398183.606873 
-1151017.992584 -1398195.185242 
-1150965.830414 -1398205.808411 
-1150910.976593 -1398217.215881 
-1150856.042664 -1398227.890930 
-1150800.626556 -1398239.357910 
-1150744.632141 -1398250.682983 
-1150686.185638 -1398262.754211 
-1150629.264252 -1398274.205933 
-1150569.162933 -1398285.994873 
-1150512.246124 -1398297.014771 
-1150448.327820 -1398309.067688 
-1150386.309235 -1398321.479187 
-1150324.247925 -1398333.619080 
-1150261.770813 -1398344.399414 
-1150198.295776 -1398356.438599 
-1150131.520264 -1398368.830261 
-1150065.772430 -1398380.520020 
-1149998.527710 -1398393.699036 
-1149932.821838 -1398405.137024 
-1149863.579742 -1398417.868958 
-1149792.630188 -1398430.420837 
-1149726.004211 -1398441.764221 
-1149657.771484 -1398453.531799 
-1149585.304443 -1398465.696106 
-1149510.206787 -1398478.249512 
-1149442.312042 -1398489.821777 
-1149373.792450 -1398501.038513 
-1149301.726715 -1398512.890015 
-1149232.461731 -1398524.599609 
-1149156.577484 -1398536.597595 
-1149079.449646 -1398549.724731 
-1149013.025085 -1398560.016785 
-1148945.666687 -1398570.850525 
-1148874.923126 -1398581.884155 
-1148807.055847 -1398592.864380 
-1148755.751984 -1398601.377258 
-1148690.973083 -1398610.907898 
-1148607.659332 -1398625.449524 
-1148542.674438 -1398635.843811 
-1148470.471375 -1398648.130188 
-1148401.993744 -1398660.489807 
-1148347.308533 -1398670.345459 
-1148283.011810 -1398681.771240 
-1148209.613983 -1398694.916687 
-1148140.164368 -1398707.773743 
-1148073.788635 -1398719.750366 
-1147996.114532 -1398734.943542 
-1147930.745117 -1398748.359070 
-1147853.163330 -1398763.701782 
-1147759.401886 -1398782.422791 
-1147688.405792 -1398795.699463 
-1147620.609467 -1398809.438477 
-1147552.356903 -1398822.513733 
-1147474.357788 -1398838.005981 
-1147405.642883 -1398849.877319 
-1147335.487549 -1398863.869629 
-1147267.411987 -1398875.074158 
-1147205.899231 -1398885.326538 
-1147137.554352 -1398896.268616 
-1147068.793671 -1398907.297668 
-1147004.377930 -1398918.386230 
-1146935.609619 -1398928.609619 
-1146872.429077 -1398938.106689 
-1146810.384552 -1398947.461853 
-1146738.295166 -1398958.757935 
-1146681.560699 -1398968.190918 
-1146615.593903 -1398978.621826 
-1146550.758545 -1398989.443359 
-1146484.791748 -1399000.246582 
-1146429.223053 -1399009.822998 
-1146360.743896 -1399021.439514 
-1146275.932495 -1399036.470947 
-1146213.230316 -1399046.651611 
-1146135.093872 -1399058.388672 
-1146076.667969 -1399067.505798 
-1146019.538300 -1399076.708374 
-1145963.083832 -1399084.946594 
-1145905.482666 -1399093.183289 
-1145854.232208 -1399100.435791 
-1145792.717163 -1399107.557068 
-1145732.898132 -1399117.325745 
-1145680.255310 -1399122.318420 
-1145628.206055 -1399126.767883 
-1145571.412842 -1399135.199890 
-1145514.320557 -1399141.961060 
-1145456.411926 -1399146.405945 
-1145404.989807 -1399148.168335 
-1145350.200073 -1399148.313293 
-1145294.793884 -1399147.083435 
-1145236.981384 -1399145.165405 
-1145182.992737 -1399133.609924 
-1145109.672729 -1399117.951355 
-1145060.258667 -1399103.147278 
-1145011.143677 -1399084.412537 
-1144959.369080 -1399054.311523 
-1144912.120239 -1399029.967651 
-1144865.423767 -1399004.865417 
-1144819.569580 -1398974.491272 
-1144758.812134 -1398933.097229 
-1144720.300476 -1398899.607239 
-1144667.534058 -1398849.871216 
-1144619.487183 -1398792.815552 
-1144576.609985 -1398728.374634 
-1144536.702148 -1398662.706909 
-1144507.725708 -1398615.897522 
-1144479.287903 -1398550.690613 
-1144460.521118 -1398496.553955 
-1144445.419495 -1398433.484802 
-1144427.032654 -1398366.919861 
-1144410.345642 -1398299.674377 
-1144396.989624 -1398243.763123 
-1144385.254089 -1398189.910278 
-1144371.646301 -1398128.835449 
-1144356.396667 -1398066.964111 
-1144339.201538 -1397998.856506 
-1144323.715393 -1397928.545532 
-1144307.628052 -1397860.259399 
-1144290.908997 -1397786.922607 
-1144274.131958 -1397712.423096 
-1144258.665649 -1397651.349792 
-1144240.095703 -1397569.823608 
-1144222.755615 -1397486.298523 
-1144208.830444 -1397418.682251 
-1144193.759338 -1397341.120300 
-1144179.803650 -1397257.845459 
-1144165.164368 -1397179.848633 
-1144153.317444 -1397108.905945 
-1144139.914124 -1397034.836731 
-1144127.769653 -1396955.562744 
-1144117.140381 -1396884.330139 
-1144103.547852 -1396801.200256 
-1144091.644470 -1396729.613647 
-1144079.568665 -1396654.952393 
-1144066.307251 -1396573.552856 
-1144051.989929 -1396496.369324 
-1144038.029663 -1396420.513306 
-1144022.140686 -1396343.131409 
-1144004.159729 -1396271.840820 
-1143988.420288 -1396200.515137 
-1143972.595398 -1396127.703247 
-1143955.737488 -1396052.077637 
-1143940.645020 -1395980.565796 
-1143919.322388 -1395877.788696 
-1143906.846802 -1395805.050049 
-1143898.275940 -1395736.504517 
-1143890.501587 -1395668.819580 
-1143887.690918 -1395572.174988 
-1143890.577881 -1395474.402771 
-1143902.498047 -1395413.323364 
-1143915.622131 -1395352.417908 
-1143932.109253 -1395294.078979 
-1143955.414001 -1395235.085449 
-1143981.826965 -1395183.638916 
-1144013.881104 -1395130.788574 
-1144050.625793 -1395082.782898 
-1144091.288940 -1395034.961853 
-1144138.141052 -1394989.374695 
-1144189.856140 -1394944.156799 
-1144248.806946 -1394898.261414 
-1144313.046448 -1394857.250366 
-1144380.385010 -1394814.722595 
-1144451.686279 -1394773.871765 
-1144524.427979 -1394733.628235 
-1144599.069397 -1394694.484863 
-1144676.739685 -1394659.234009 
-1144753.895752 -1394625.669250 
-1144834.991638 -1394594.851074 
-1144916.627686 -1394568.096313 
-1144998.234741 -1394545.028076 
-1145078.363220 -1394524.978027 
-1145162.124817 -1394506.903992 
-1145247.072021 -1394488.103638 
-1145334.312622 -1394469.693909 
-1145424.769775 -1394450.577698 
-1145514.274780 -1394429.854736 
-1145604.973022 -1394409.630737 
-1145694.378845 -1394389.525757 
-1145786.659424 -1394369.999084 
-1145879.891388 -1394351.418457 
-1145974.348633 -1394332.364807 
-1146066.664307 -1394313.434753 
-1146160.151093 -1394294.454346 
-1146256.139557 -1394277.901611 
-1146351.125519 -1394258.851013 
-1146446.887390 -1394240.390930 
-1146543.755524 -1394222.948608 
-1146593.381683 -1394213.858948 
-1146643.961517 -1394205.091248 
-1146694.609253 -1394196.138916 
-1146744.326965 -1394187.868652 
-1146793.958466 -1394179.262695 
-1146893.753235 -1394163.184509 
-1146993.790619 -1394146.839294 
-1147043.899719 -1394139.371643 
-1147142.843811 -1394124.581299 
-1147192.784302 -1394117.846069 
-1147246.345703 -1394109.612427 
-1147345.360748 -1394094.475708 
-1147443.317596 -1394081.534729 
-1147541.687958 -1394068.331299 
-1147641.418640 -1394054.264221 
-1147735.973541 -1394041.517029 
-1147831.196777 -1394026.043091 
-1147923.101990 -1394011.853943 
-1148017.026703 -1393998.143921 
-1148108.374207 -1393984.180603 
-1148200.351898 -1393969.777832 
-1148293.363373 -1393954.720459 
-1148381.795685 -1393940.345154 
-1148470.298950 -1393924.916992 
-1148556.646149 -1393910.305176 
-1148606.067078 -1393901.435242 
-1148691.604797 -1393887.507019 
-1148782.354919 -1393872.536621 
-1148870.205109 -1393855.614624 
-1148961.425201 -1393839.125977 
-1149043.105499 -1393825.156555 
-1149128.725616 -1393807.695923 
-1149218.997375 -1393788.234863 
-1149308.388702 -1393768.795166 
-1149392.801849 -1393751.061401 
-1149479.215424 -1393731.726990 
-1149563.868896 -1393712.146912 
-1149646.795837 -1393692.223511 
-1149733.439819 -1393671.631775 
-1149818.172638 -1393650.318298 
-1149902.944366 -1393628.928528 
-1149990.628998 -1393606.255493 
-1150077.977936 -1393583.957825 
-1150164.159576 -1393562.378845 
-1150252.404205 -1393539.626465 
-1150340.496246 -1393517.185364 
-1150429.509918 -1393495.166931 
-1150522.747223 -1393473.414001 
-1150611.812775 -1393453.963623 
-1150708.297913 -1393433.449707 
-1150802.998535 -1393414.542542 
-1150897.310822 -1393395.293579 
-1150991.125671 -1393378.054199 
-1151134.035675 -1393352.242432 
-1151228.100006 -1393334.980164 
-1151324.811737 -1393318.972168 
-1151417.399780 -1393303.464661 
-1151512.408630 -1393287.969360 
-1151650.996582 -1393264.660034 
-1151745.162384 -1393248.446045 
-1151837.947266 -1393232.628784 
-1151928.585999 -1393216.553650 
-1152020.782654 -1393199.956665 
-1152113.772003 -1393183.243713 
-1152200.921814 -1393167.334900 
-1152291.772644 -1393150.527344 
-1152380.877869 -1393134.169922 
-1152469.792740 -1393116.927490 
-1152557.274048 -1393101.497803 
-1152644.169418 -1393085.833130 
-1152730.492966 -1393069.629822 
-1152818.298523 -1393054.648743 
-1152901.480286 -1393036.544189 
-1152991.024582 -1393020.171509 
-1153073.329346 -1393004.485474 
-1153160.195343 -1392987.821350 
-1153243.115417 -1392970.957336 
-1153326.709930 -1392954.116211 
-1153409.335892 -1392938.016663 
-1153490.860550 -1392922.571716 
-1153573.817627 -1392906.546936 
-1153654.969208 -1392891.224060 
-1153734.416382 -1392874.848328 
-1153815.311615 -1392857.575378 
-1153894.437210 -1392841.878662 
-1153974.324982 -1392825.592957 
-1154051.587097 -1392810.453186 
-1154130.085175 -1392796.068726 
-1154212.399857 -1392779.343567 
-1154295.120041 -1392764.753113 
-1154370.230667 -1392752.381287 
-1154451.669495 -1392737.694702 
-1154529.041092 -1392727.129517 
-1154606.196777 -1392717.429504 
-1154682.362930 -1392707.894287 
-1154763.548080 -1392701.546631 
-1154839.945404 -1392699.117432 
-1154917.585938 -1392696.128235 
-1154995.683853 -1392693.535767 
-1155073.146622 -1392692.847595 
-1155148.906509 -1392691.658936 
-1155222.883789 -1392697.481689 
-1155297.403519 -1392700.847778 
-1155375.673477 -1392707.802734 
-1155450.968544 -1392714.841614 
-1155519.728271 -1392733.449707 
-1155588.080589 -1392750.103149 
-1155654.980270 -1392770.563660 
-1155723.286812 -1392794.239197 
-1155784.994308 -1392822.023926 
-1155848.814003 -1392851.737366 
-1155909.709732 -1392878.769836 
-1155957.542030 -1392923.764954 
-1156007.558052 -1392960.990295 
-1156053.107445 -1393006.389771 
-1156094.445030 -1393057.543335 
-1156138.559334 -1393113.768921 
-1156175.695793 -1393177.878723 
-1156206.352226 -1393249.448547 
-1156228.800766 -1393320.517883 
-1156249.304955 -1393396.247253 
-1156265.678589 -1393473.026428 
-1156285.206215 -1393549.717102 
-1156303.754227 -1393636.013184 
-1156319.244949 -1393721.825562 
-1156339.498894 -1393811.528931 
-1156356.674568 -1393897.648010 
-1156373.629181 -1393982.994995 
-1156390.433304 -1394073.130188 
-1156407.053177 -1394159.902344 
-1156419.609253 -1394252.062378 
-1156436.704437 -1394347.289429 
-1156450.624077 -1394437.685547 
-1156466.650955 -1394530.172119 
-1156481.475822 -1394618.027649 
-1156500.260345 -1394711.402283 
-1156515.615456 -1394797.606812 
-1156538.577644 -1394890.133057 
-1156552.874557 -1394946.965942 
-1156581.493942 -1395032.065735 
-1156610.937111 -1395123.822937 
-1156661.551659 -1395238.236389 
-1156715.447418 -1395366.846619 
-1156752.498428 -1395440.349731 
-1156787.543480 -1395520.643005 
-1156822.181313 -1395600.916443 
-1156857.521049 -1395672.940979 
-1156910.301010 -1395776.395569 
-1156945.918266 -1395847.287903 
-1156981.338875 -1395910.219727 
-1157023.017780 -1395981.377563 
-1157058.880226 -1396047.933350 
-1157097.555916 -1396112.711487 
-1157137.221615 -1396167.327271 
-1157176.382439 -1396241.515503 
-1157214.276592 -1396301.802979 
-1157250.657360 -1396361.731873 
-1157286.706917 -1396414.858398 
-1157317.759411 -1396475.258789 
-1157347.723286 -1396533.185730 
-1157372.983257 -1396588.070068 
-1157395.720284 -1396645.536194 
-1157415.130894 -1396699.793396 
-1157427.039043 -1396753.060303 
-1157432.910339 -1396810.790405 
-1157430.401699 -1396863.402710 
-1157431.935112 -1396917.875061 
-1157422.831528 -1396971.178589 
-1157400.826542 -1397034.693298 
-1157377.372829 -1397078.966675 
-1157330.061428 -1397124.898682 
-1157279.801170 -1397168.004761 
-1157222.431652 -1397198.504028 
-1157164.512531 -1397219.938049 
-1157109.648029 -1397243.804321 
-1157044.530098 -1397248.026428 
-1156990.495483 -1397244.303284 
-1156930.508606 -1397242.185364 
-1156869.271652 -1397245.043335 
-1156802.427666 -1397244.532166 
-1156743.180649 -1397248.781738 
-1156682.792274 -1397251.389465 
-1156626.647179 -1397252.681885 
-1156574.514191 -1397258.800659 
-1156524.197571 -1397262.549744 
-1156469.845764 -1397269.808350 
-1156413.847343 -1397273.555908 
-1156360.166733 -1397278.382263 
-1156309.220879 -1397284.058533 
-1156241.181747 -1397285.924683 
-1156176.176445 -1397286.591492 
-1156124.378578 -1397285.561523 
-1156054.669563 -1397277.869568 
-1155985.652534 -1397263.398132 
-1155921.154778 -1397256.090698 
-1155864.772217 -1397249.964294 
-1155815.039246 -1397242.211304 
-1155758.011810 -1397237.410889 
-1155684.851257 -1397226.374207 
-1155630.696098 -1397217.659912 
-1155578.899185 -1397207.868347 
-1155522.403709 -1397198.542175 
-1155460.533897 -1397189.199219 
-1155402.631561 -1397177.359924 
-1155343.864624 -1397166.141663 
-1155280.494492 -1397155.744324 
-1155216.512482 -1397143.311462 
-1155149.675552 -1397131.592712 
-1155095.572464 -1397115.670166 
-1155021.427719 -1397099.735413 
-1154942.069046 -1397078.122864 
-1154873.197739 -1397072.750244 
-1154779.352371 -1397067.435608 
-1154717.224304 -1397065.841064 
-1154657.425491 -1397062.473450 
-1154590.522186 -1397062.528381 
-1154506.919281 -1397065.163574 
-1154441.940491 -1397066.832886 
-1154375.886719 -1397069.910583 
-1154316.385834 -1397073.777161 
-1154262.685959 -1397080.043945 
-1154197.304337 -1397088.976440 
-1154131.830399 -1397096.051941 
-1154046.304886 -1397105.387268 
-1153993.395416 -1397108.175049 
-1153942.307083 -1397113.230286 
-1153880.357544 -1397115.561829 
-1153820.262329 -1397113.205872 
-1153735.383789 -1397113.852844 
-1153667.905609 -1397117.122803 
-1153606.849472 -1397124.984131 
-1153543.762390 -1397130.671082 
-1153477.955048 -1397139.605103 
-1153428.101532 -1397146.824036 
-1153331.691162 -1397162.069092 
-1153274.814789 -1397170.098267 
-1153169.104950 -1397186.512146 
-1153062.813751 -1397204.056702 
-1152994.853394 -1397215.398560 
-1152889.646332 -1397232.128296 
-1152825.967209 -1397242.054138 
-1152748.541824 -1397255.051575 
-1152694.027512 -1397265.442810 
-1152616.192810 -1397280.556641 
-1152550.126068 -1397294.994507 
-1152489.616577 -1397308.199463 
-1152424.146072 -1397322.913513 
-1152351.254456 -1397339.127502 
-1152288.503448 -1397353.817139 
-1152198.784439 -1397372.930298 
-1152118.267242 -1397391.268311 
-1152061.896698 -1397403.211365 
-1151997.753326 -1397416.939697 
-1151927.424805 -1397430.442200 
-1151856.062500 -1397445.705566 
-1151786.020844 -1397459.154663 
-1151712.253754 -1397473.389587 
-1151640.708344 -1397486.785278 
-1151569.621460 -1397499.186096 
-1151497.516052 -1397512.313232 
-1151426.066772 -1397525.182495 
-1151351.394073 -1397537.819824 
-1151281.524078 -1397550.077209 
-1151209.405701 -1397564.273987 
-1151136.773865 -1397576.914368 
-1151066.028778 -1397591.391907 
-1150992.379181 -1397606.705627 
-1150918.700592 -1397622.033081 
-1150850.983612 -1397636.713562 
-1150777.573578 -1397653.109131 
-1150700.879852 -1397670.954285 
-1150627.062408 -1397688.346252 
-1150577.864258 -1397699.094543 
-1150516.811554 -1397713.469849 
-1150449.759094 -1397730.338440 
-1150349.263947 -1397750.792847 
-1150264.403717 -1397768.723450 
-1150191.900055 -1397782.445679 
-1150117.046539 -1397796.688232 
-1150050.591461 -1397808.757935 
-1149982.634918 -1397820.418701 
-1149897.610657 -1397834.974060 
-1149815.226929 -1397849.562988 
-1149747.435181 -1397859.963379 
-1149668.794434 -1397872.449646 
-1149590.763275 -1397884.655151 
-1149524.760620 -1397894.527588 
-1149460.231201 -1397904.554138 
-1149389.658539 -1397916.059265 
-1149336.847107 -1397926.697693 
-1149279.301636 -1397936.856995 
-1149187.066833 -1397948.455200 
-1149107.943146 -1397963.834534 
-1149056.695740 -1397974.895630 
-1148978.820984 -1397990.686951 
-1148929.804413 -1398000.837097 
-1148862.751190 -1398015.184937 
-1148782.553284 -1398031.736145 
-1148705.148499 -1398051.525269 
-1148625.019257 -1398068.914185 
-1148554.849426 -1398086.364136 
-1148481.900208 -1398103.879700 
-1148404.712860 -1398121.154175 
-1148344.291870 -1398136.423645 
-1148254.609100 -1398154.621277 
-1148169.648163 -1398172.734985 
-1148100.190918 -1398187.146912 
-1148022.133820 -1398203.023682 
-1147971.562378 -1398212.244568 
-1147899.784271 -1398226.430664 
-1147812.265198 -1398242.896423 
-1147732.756989 -1398259.682617 
-1147634.517090 -1398280.826721 
-1147534.149353 -1398303.431091 
-1147461.826508 -1398321.384583 
-1147340.177338 -1398351.049194 
-1147268.341248 -1398370.583496 
-1147188.517181 -1398390.856323 
-1147105.119507 -1398413.196716 
-1147041.713898 -1398431.255493 
-1146974.735443 -1398451.351318 
-1146887.992279 -1398474.155579 
-1146826.596252 -1398493.900452 
-1146753.530304 -1398515.845642 
-1146692.885773 -1398535.204468 
-1146619.987671 -1398558.405457 
-1146561.996643 -1398579.326782 
-1146513.898651 -1398602.367554 
-1146446.721069 -1398626.993713 
-1146390.359680 -1398652.903137 
-1146337.161438 -1398676.835022 
-1146287.701599 -1398702.219543 
-1146228.228943 -1398728.405151 
-1146167.318146 -1398754.844055 
-1146114.721863 -1398777.330933 
-1146068.839447 -1398798.352966 
-1146009.920685 -1398821.843872 
-1145949.451630 -1398845.813904 
-1145896.588318 -1398867.304382 
-1145841.239349 -1398886.782227 
-1145768.306152 -1398908.835754 
-1145714.052002 -1398922.637329 
-1145649.733154 -1398939.138184 
-1145588.766663 -1398949.901733 
-1145522.101013 -1398960.602722 
-1145461.374084 -1398964.989624 
-1145401.468079 -1398965.984497 
-1145339.138977 -1398962.792358 
-1145282.597534 -1398951.383362 
-1145226.616089 -1398940.535889 
-1145159.768860 -1398920.903931 
-1145103.836243 -1398901.450500 
-1145036.215393 -1398874.810181 
-1144984.280579 -1398845.084534 
-1144936.064331 -1398809.865723 
-1144890.754883 -1398769.916687 
-1144851.724426 -1398724.060974 
-1144815.025513 -1398672.159729 
-1144785.057251 -1398610.912476 
-1144761.876099 -1398566.269836 
-1144753.924744 -1398514.243469 
-1144743.475525 -1398462.389526 
-1144734.922974 -1398401.896057 
-1144731.308167 -1398350.969849 
-1144726.657288 -1398295.150146 
-1144720.121948 -1398225.522766 
-1144712.629883 -1398157.090149 
-1144708.029358 -1398092.655334 
-1144696.719543 -1398012.162170 
-1144688.655273 -1397938.790283 
-1144679.095642 -1397863.320313 
-1144669.255249 -1397789.139709 
-1144658.778564 -1397716.288147 
-1144648.163025 -1397647.387085 
-1144633.619873 -1397574.595032 
-1144616.990845 -1397508.490906 
-1144600.039856 -1397443.331299 
-1144578.770630 -1397374.521790 
-1144555.621521 -1397309.655151 
-1144531.723206 -1397249.167786 
-1144504.371826 -1397177.651367 
-1144476.861755 -1397119.960938 
-1144448.935120 -1397058.356628 
-1144422.390930 -1396995.408020 
-1144394.581787 -1396935.398254 
-1144367.405884 -1396874.956665 
-1144339.085571 -1396811.513672 
-1144310.847656 -1396740.711365 
-1144283.342163 -1396671.933899 
-1144255.296509 -1396599.611816 
-1144228.543274 -1396518.659363 
-1144204.167358 -1396445.195923 
-1144181.172363 -1396376.175842 
-1144157.725708 -1396294.802246 
-1144141.081421 -1396222.142944 
-1144125.184814 -1396141.237793 
-1144114.506714 -1396072.287903 
-1144106.541626 -1395992.235718 
-1144101.419250 -1395916.578064 
-1144101.573364 -1395805.288086 
-1144106.094543 -1395738.553772 
-1144115.446655 -1395667.530212 
-1144129.799072 -1395604.378662 
-1144149.514954 -1395542.006836 
-1144189.158813 -1395446.231995 
-1144238.548462 -1395356.511841 
-1144278.454773 -1395304.479370 
-1144349.446289 -1395238.536987 
-1144395.768921 -1395198.993835 
-1144438.324158 -1395171.233521 
-1144491.136353 -1395152.167664 
-1144545.633118 -1395132.340393 
-1144610.370056 -1395115.320740 
-1144678.924744 -1395096.756897 
-1144752.223389 -1395083.587036 
-1144831.965820 -1395070.908508 
-1144913.324158 -1395063.958130 
-1144992.868225 -1395059.279785 
-1145073.074524 -1395057.222900 
-1145154.681580 -1395057.802734 
-1145233.328430 -1395058.863220 
-1145311.424438 -1395061.155090 
-1145391.522400 -1395062.346802 
-1145470.312683 -1395058.355103 
-1145546.582214 -1395053.617249 
-1145630.296509 -1395046.735535 
-1145718.385498 -1395035.364685 
-1145799.060242 -1395018.558655 
-1145871.907990 -1395004.471741 
-1145955.862610 -1394985.299072 
-1146026.539032 -1394967.585144 
-1146099.639313 -1394951.354370 
-1146173.845093 -1394936.948547 
-1146249.068634 -1394919.533691 
-1146327.580444 -1394903.075562 
-1146400.212280 -1394887.577209 
-1146477.472870 -1394871.058044 
-1146554.062073 -1394853.843079 
-1146632.373230 -1394838.128052 
-1146708.693115 -1394824.868164 
-1146787.130157 -1394807.717285 
-1146863.538544 -1394792.736206 
-1146939.604370 -1394778.919373 
-1147020.076172 -1394764.313660 
-1147093.332092 -1394751.154480 
-1147174.968903 -1394736.722717 
-1147255.538361 -1394722.117004 
-1147331.189911 -1394710.392151 
-1147413.520233 -1394696.357117 
-1147494.040100 -1394682.586060 
-1147575.585358 -1394670.304260 
-1147656.916229 -1394657.274780 
-1147738.100616 -1394645.310364 
-1147820.594971 -1394633.039246 
-1147904.605286 -1394620.546875 
-1147983.407776 -1394609.650574 
-1148066.623108 -1394596.021423 
-1148147.903625 -1394584.224854 
-1148228.015320 -1394568.699036 
-1148309.328644 -1394555.030212 
-1148387.342255 -1394539.504395 
-1148463.647644 -1394523.787842 
-1148542.495911 -1394508.600769 
-1148616.501801 -1394492.823181 
-1148689.122192 -1394476.217041 
-1148766.548340 -1394460.500488 
-1148836.855499 -1394445.452271 
-1148908.305542 -1394428.995667 
-1148980.095093 -1394415.206299 
-1149050.525848 -1394399.610291 
-1149117.241852 -1394385.245667 
-1149185.577576 -1394370.671997 
-1149251.755707 -1394357.747803 
-1149319.518463 -1394343.709717 
-1149385.358612 -1394329.699097 
-1149451.252167 -1394316.939697 
-1149516.164581 -1394304.592285 
-1149578.594391 -1394289.835510 
-1149641.542999 -1394276.525269 
-1149704.567902 -1394264.885864 
-1149769.427673 -1394251.406250 
-1149827.860443 -1394240.165100 
-1149891.984741 -1394227.367554 
-1149960.811798 -1394213.698730 
-1150024.220459 -1394200.840149 
-1150094.916718 -1394187.375793 
-1150165.619080 -1394174.630127 
-1150237.893860 -1394161.708984 
-1150309.709351 -1394148.215637 
-1150381.624786 -1394134.806213 
-1150450.738708 -1394121.529541 
-1150521.065704 -1394109.391174 
-1150586.984436 -1394096.476135 
-1150656.092255 -1394081.398926 
-1150722.950928 -1394067.841492 
-1150792.875092 -1394052.927551 
-1150861.091034 -1394038.796387 
-1150928.987305 -1394022.821960 
-1151002.141754 -1394005.416260 
-1151072.250549 -1393986.597595 
-1151144.998352 -1393967.887268 
-1151219.455139 -1393948.578796 
-1151293.566315 -1393929.160461 
-1151371.419708 -1393907.920227 
-1151449.443237 -1393886.799011 
-1151522.249786 -1393867.972717 
-1151593.565552 -1393845.169983 
-1151669.046967 -1393822.882996 
-1151741.477386 -1393798.674927 
-1151818.185608 -1393768.790588 
-1151887.597076 -1393740.082703 
-1151961.126892 -1393705.875549 
-1152026.449768 -1393676.362000 
-1152093.954651 -1393643.207703 
-1152163.134949 -1393610.997925 
-1152236.051743 -1393580.796204 
-1152305.158035 -1393552.103577 
-1152374.662201 -1393524.183044 
-1152446.670334 -1393497.727356 
-1152521.707718 -1393470.820007 
-1152594.432632 -1393447.120056 
-1152669.590179 -1393423.606262 
-1152749.107162 -1393400.220642 
-1152824.159424 -1393378.522644 
-1152901.904099 -1393357.669983 
-1152980.782501 -1393340.175781 
-1153058.840744 -1393322.023926 
-1153142.565720 -1393304.801331 
-1153226.154892 -1393286.440430 
-1153308.975021 -1393269.640503 
-1153393.647949 -1393254.392395 
-1153479.385178 -1393239.104614 
-1153563.680069 -1393225.293884 
-1153650.828354 -1393210.801086 
-1153736.494247 -1393198.777161 
-1153821.090118 -1393184.496460 
-1153906.184570 -1393171.155701 
-1153988.791077 -1393159.620056 
-1154072.402756 -1393148.999939 
-1154151.725571 -1393138.610229 
-1154231.997482 -1393127.126465 
-1154314.295761 -1393114.125977 
-1154393.148987 -1393102.951965 
-1154472.346680 -1393090.444336 
-1154550.750153 -1393075.179443 
-1154627.000992 -1393060.425720 
-1154705.703918 -1393046.802673 
-1154780.372803 -1393034.174500 
-1154853.531830 -1393020.823059 
-1154927.202789 -1393007.914124 
-1154996.103088 -1393000.966797 
-1155062.243454 -1392991.845093 
-1155132.598297 -1392983.162842 
-1155198.805038 -1392975.747070 
-1155271.047775 -1392971.085510 
-1155337.003128 -1392973.613892 
-1155404.874794 -1392975.600586 
-1155462.535088 -1392985.341797 
-1155522.343819 -1392988.643799 
-1155576.951401 -1393007.563171 
-1155631.347267 -1393025.979004 
-1155680.305855 -1393054.067383 
-1155720.628731 -1393088.199768 
-1155755.393784 -1393131.081543 
-1155784.477798 -1393174.118958 
-1155797.832481 -1393225.174866 
-1155817.172615 -1393294.857178 
-1155822.919456 -1393350.014648 
-1155831.316368 -1393406.249390 
-1155841.641418 -1393468.302307 
-1155853.057281 -1393537.212524 
-1155861.315338 -1393610.917053 
-1155868.830292 -1393687.162170 
-1155876.971046 -1393761.362610 
-1155888.421432 -1393883.916626 
-1155897.153656 -1393963.308105 
-1155908.350746 -1394040.993652 
-1155917.919724 -1394090.114746 
-1155931.461327 -1394165.534363 
-1155948.422997 -1394247.164307 
-1155965.053932 -1394328.406677 
-1155986.326973 -1394413.738403 
-1156004.467003 -1394493.375549 
-1156021.845047 -1394575.647888 
-1156041.898720 -1394660.505066 
-1156062.988655 -1394747.213135 
-1156086.079208 -1394834.580383 
-1156106.655876 -1394926.082764 
-1156126.377480 -1395009.806213 
-1156146.943275 -1395096.457825 
-1156168.931572 -1395181.092224 
-1156189.776604 -1395264.756165 
-1156209.933273 -1395347.690735 
-1156228.643791 -1395435.955200 
-1156249.502556 -1395524.141846 
-1156262.417213 -1395604.087219 
-1156278.500931 -1395686.979065 
-1156287.636368 -1395769.071350 
-1156297.194283 -1395843.311462 
-1156306.180374 -1395920.844421 
-1156314.642899 -1396002.187500 
-1156324.078171 -1396074.909363 
-1156328.435127 -1396149.961243 
-1156335.219757 -1396213.588867 
-1156342.102425 -1396286.268005 
-1156346.813194 -1396352.652893 
-1156351.839439 -1396423.253784 
-1156352.201645 -1396490.758667 
-1156351.561920 -1396554.680786 
-1156356.310265 -1396605.785522 
-1156347.477715 -1396681.458435 
-1156320.979492 -1396726.632080 
-1156297.905724 -1396776.032410 
-1156272.096245 -1396819.027100 
-1156222.740929 -1396871.154175 
-1156164.417068 -1396910.025940 
-1156102.503769 -1396931.162415 
-1156041.023438 -1396939.687500 
-1155980.273239 -1396944.545898 
-1155918.652336 -1396954.335938 
-1155852.702705 -1396971.964417 
-1155797.567360 -1396987.566528 
-1155728.851120 -1397006.212769 
-1155663.111298 -1397019.892273 
-1155600.986664 -1397024.195251 
-1155531.552307 -1397030.230103 
-1155469.519989 -1397032.480774 
-1155403.241341 -1397039.986572 
-1155331.499283 -1397046.817932 
-1155259.395782 -1397055.137024 
-1155187.459747 -1397065.081177 
-1155115.974609 -1397070.002136 
-1155064.594833 -1397067.171631 
-1155012.055008 -1397059.081421 
-1154959.541122 -1397041.596375 
-1154907.542221 -1397022.016296 
-1154854.745667 -1397009.293518 
-1154795.853226 -1397002.799377 
-1154737.628738 -1397015.119324 
