-1235026.063721 -1373709.545288 
-1235071.064941 -1373686.422119 
-1235117.390625 -1373656.206665 
-1235171.937744 -1373619.271240 
-1235232.478516 -1373579.662476 
-1235275.874512 -1373553.746948 
-1235321.547119 -1373523.839722 
-1235377.345459 -1373490.020142 
-1235431.929199 -1373456.697998 
-1235493.214600 -1373407.604370 
-1235557.881348 -1373372.161255 
-1235619.691650 -1373336.693726 
-1235683.650391 -1373295.665894 
-1235751.497070 -1373253.161011 
-1235821.400635 -1373214.776001 
-1235886.689941 -1373171.791992 
-1235959.126465 -1373134.295044 
-1236032.124512 -1373083.718262 
-1236098.494141 -1373046.416626 
-1236171.638672 -1373007.616577 
-1236239.167969 -1372962.777100 
-1236306.324951 -1372915.160522 
-1236350.679199 -1372890.676270 
-1236420.399658 -1372837.947998 
-1236495.509521 -1372783.214722 
-1236562.355225 -1372728.475342 
-1236634.712402 -1372669.637451 
-1236709.010498 -1372616.820679 
-1236783.424561 -1372562.151489 
-1236857.478516 -1372506.011353 
-1236932.295410 -1372444.201050 
-1237004.469482 -1372392.141113 
-1237120.948975 -1372303.756104 
-1237198.298828 -1372249.129639 
-1237270.967285 -1372192.211304 
-1237383.839600 -1372109.395752 
-1237462.373535 -1372053.289185 
-1237540.443604 -1371997.863159 
-1237621.650879 -1371937.624512 
-1237743.788330 -1371851.452026 
-1237787.904541 -1371816.985474 
-1237865.388672 -1371762.899170 
-1237911.494629 -1371724.306641 
-1237998.683350 -1371665.096436 
-1238084.266846 -1371603.261719 
-1238127.809326 -1371576.854858 
-1238171.193115 -1371546.877441 
-1238215.181152 -1371517.785034 
-1238260.194580 -1371486.824951 
-1238304.060547 -1371456.591187 
-1238351.130859 -1371424.431763 
-1238394.844238 -1371393.813477 
-1238440.803711 -1371364.040527 
-1238483.839600 -1371332.659302 
-1238530.818359 -1371299.514160 
-1238577.626221 -1371268.612061 
-1238626.436035 -1371239.782104 
-1238713.264648 -1371181.218872 
-1238758.912842 -1371148.696289 
-1238802.058594 -1371120.192871 
-1238848.011963 -1371089.049683 
-1238892.549316 -1371057.415161 
-1238940.114014 -1371024.968872 
-1239026.393311 -1370963.402710 
-1239069.160645 -1370934.639893 
-1239116.572754 -1370898.412476 
-1239158.491699 -1370869.347534 
-1239202.449219 -1370839.681396 
-1239245.717041 -1370809.893188 
-1239290.944092 -1370774.105225 
-1239334.553711 -1370747.020874 
-1239377.620117 -1370717.363892 
-1239419.795410 -1370690.187988 
-1239464.167969 -1370657.189331 
-1239506.471436 -1370627.227173 
-1239551.820557 -1370593.096313 
-1239595.814697 -1370565.490112 
-1239640.077393 -1370527.816162 
-1239722.279541 -1370471.077881 
-1239765.541260 -1370438.659058 
-1239807.698242 -1370405.611572 
-1239847.517578 -1370372.261963 
-1239891.572754 -1370343.795166 
-1239974.073975 -1370282.695923 
-1240015.913574 -1370250.319824 
-1240057.319824 -1370216.735229 
-1240098.903076 -1370184.423218 
-1240139.900391 -1370151.696167 
-1240181.215088 -1370120.546875 
-1240223.726074 -1370088.128052 
-1240265.284912 -1370056.826172 
-1240342.219727 -1369993.181763 
-1240421.577637 -1369934.896240 
-1240463.545410 -1369906.896362 
-1240507.844727 -1369872.124634 
-1240549.684326 -1369841.594849 
-1240592.500488 -1369811.156616 
-1240631.508057 -1369777.248535 
-1240672.236816 -1369747.542725 
-1240716.053955 -1369716.744385 
-1240801.729004 -1369655.584106 
-1240882.478516 -1369602.565918 
-1240924.977295 -1369571.349487 
-1241010.048096 -1369514.257202 
-1241092.793457 -1369460.039673 
-1241175.367920 -1369402.358398 
-1241220.265381 -1369374.770508 
-1241303.474609 -1369321.203003 
-1241346.101563 -1369293.752441 
-1241388.026611 -1369264.544067 
-1241430.476563 -1369236.531982 
-1241473.433105 -1369210.485229 
-1241555.293457 -1369158.541260 
-1241644.075195 -1369104.027710 
-1241687.318604 -1369078.493652 
-1241729.890625 -1369050.524292 
-1241775.160400 -1369023.058472 
-1241819.130127 -1368996.141968 
-1241862.544434 -1368966.130981 
-1241906.495850 -1368935.418091 
-1241954.042236 -1368905.349121 
-1241997.438232 -1368877.315674 
-1242041.322510 -1368848.192749 
-1242084.858887 -1368818.898926 
-1242133.925049 -1368788.604126 
-1242176.637451 -1368759.636841 
-1242222.963135 -1368728.350220 
-1242307.069580 -1368672.283325 
-1242353.779785 -1368638.845215 
-1242400.795166 -1368608.168945 
-1242442.756836 -1368573.433838 
-1242485.273926 -1368544.664917 
-1242530.000488 -1368513.656006 
-1242572.151367 -1368480.812988 
-1242615.443604 -1368450.307617 
-1242702.791016 -1368385.021362 
-1242743.953125 -1368350.551758 
-1242787.300293 -1368323.055420 
-1242829.280273 -1368288.387451 
-1242873.915283 -1368255.507813 
-1242915.553467 -1368212.307129 
-1242964.558594 -1368185.686646 
-1243009.877197 -1368152.831421 
-1243049.135010 -1368119.887695 
-1243095.082275 -1368087.078247 
-1243138.911621 -1368055.178223 
-1243184.236328 -1368022.295532 
-1243225.819580 -1367989.284668 
-1243270.204346 -1367957.381592 
-1243315.785400 -1367922.115479 
-1243363.356201 -1367888.430176 
-1243404.976074 -1367858.303223 
-1243451.619141 -1367825.640259 
-1243496.809570 -1367794.820557 
-1243541.542236 -1367761.123047 
-1243583.802979 -1367730.169067 
-1243631.868164 -1367698.952637 
-1243678.560059 -1367663.082275 
-1243723.268311 -1367632.052002 
-1243769.636719 -1367600.112305 
-1243816.731445 -1367565.950928 
-1243861.189453 -1367532.467041 
-1243904.756348 -1367499.178467 
-1243948.250000 -1367466.384277 
-1243995.405762 -1367434.441528 
-1244041.267578 -1367400.603638 
-1244087.288086 -1367364.266357 
-1244132.472412 -1367332.906494 
-1244176.283447 -1367297.368774 
-1244219.868652 -1367264.736328 
-1244267.256348 -1367231.514893 
-1244309.230225 -1367195.180664 
-1244352.534668 -1367163.848267 
-1244397.645752 -1367130.614624 
-1244444.691650 -1367095.452271 
-1244487.458984 -1367057.241211 
-1244580.922119 -1366985.570679 
-1244622.444336 -1366952.950439 
-1244668.800537 -1366916.094360 
-1244757.966797 -1366845.046387 
-1244806.001465 -1366812.307129 
-1244849.708740 -1366774.294434 
-1244895.784180 -1366743.605957 
-1244944.832031 -1366701.290283 
-1244991.279785 -1366664.891968 
-1245035.682861 -1366631.429443 
-1245087.007324 -1366594.732056 
-1245179.182617 -1366528.362427 
-1245277.900879 -1366454.772339 
-1245377.821533 -1366386.345825 
-1245473.976318 -1366319.155273 
-1245526.814453 -1366285.708008 
-1245575.953857 -1366251.275024 
-1245625.392334 -1366217.238770 
-1245675.508301 -1366185.433350 
-1245773.512451 -1366117.284546 
-1245823.066895 -1366084.801636 
-1245871.785156 -1366050.954590 
-1245920.381348 -1366020.662842 
-1245967.189209 -1365985.958252 
-1246066.627686 -1365923.140869 
-1246119.746582 -1365888.829956 
-1246215.504639 -1365823.714600 
-1246263.197510 -1365789.882813 
-1246309.926025 -1365758.809814 
-1246354.872314 -1365725.530396 
-1246445.057861 -1365662.038574 
-1246492.433350 -1365629.183350 
-1246536.354248 -1365598.809204 
-1246581.984131 -1365566.625366 
-1246626.753418 -1365532.943115 
-1246669.917480 -1365500.316772 
-1246713.759033 -1365466.576538 
-1246752.772705 -1365435.033569 
-1246833.632080 -1365376.125488 
-1246876.729004 -1365346.572266 
-1246919.325439 -1365313.839111 
-1246963.301270 -1365282.879028 
-1247042.146484 -1365228.652344 
-1247120.137207 -1365168.477783 
-1247158.485596 -1365135.167847 
-1247198.903076 -1365103.707275 
-1247283.033936 -1365052.901611 
-1247359.944336 -1365001.647339 
-1247403.175537 -1364974.999390 
-1247489.882080 -1364923.577271 
-1247571.370117 -1364872.838745 
-1247613.472168 -1364845.159302 
-1247692.067139 -1364795.729980 
-1247774.312012 -1364744.777832 
-1247855.574219 -1364696.349487 
-1247935.182373 -1364649.038086 
-1248014.644043 -1364603.023682 
-1248090.437500 -1364553.655396 
-1248170.521729 -1364503.014526 
-1248245.576660 -1364450.982056 
-1248324.214355 -1364402.443848 
-1248396.687500 -1364352.645264 
-1248473.835938 -1364306.258545 
-1248543.269531 -1364252.453003 
-1248611.897461 -1364205.596313 
-1248684.016602 -1364154.259644 
-1248753.468506 -1364099.001465 
-1248820.265381 -1364047.222290 
-1248884.553711 -1363995.064697 
-1248947.975342 -1363940.245972 
-1248999.507324 -1363887.096558 
-1249037.440674 -1363849.825439 
-1249099.611084 -1363799.837646 
-1249159.706299 -1363741.869507 
-1249225.520508 -1363684.377441 
-1249280.146973 -1363636.281738 
-1249325.758545 -1363567.183838 
-1249382.032959 -1363512.087402 
-1249425.630371 -1363458.849487 
-1249467.469971 -1363392.226563 
-1249503.505127 -1363326.735840 
-1249541.310303 -1363266.207275 
-1249569.783203 -1363198.851929 
-1249594.911377 -1363133.361206 
-1249612.495605 -1363066.790161 
-1249620.002930 -1362999.782715 
-1249628.053467 -1362943.355713 
-1249625.251953 -1362891.890869 
-1249621.998779 -1362824.630127 
-1249621.138184 -1362766.213379 
-1249603.596680 -1362701.720581 
-1249587.892334 -1362645.150146 
-1249565.321533 -1362580.407104 
-1249543.788330 -1362515.142212 
-1249513.142578 -1362453.939209 
-1249483.265869 -1362390.322266 
-1249456.257813 -1362332.952271 
-1249431.154053 -1362269.436035 
-1249398.561279 -1362198.928223 
-1249353.584473 -1362133.040771 
-1249315.889160 -1362057.479248 
-1249268.062012 -1361987.709961 
-1249221.656982 -1361920.571289 
-1249178.090088 -1361864.846191 
-1249126.191895 -1361796.065674 
-1249075.074951 -1361730.068359 
-1249021.858398 -1361669.948730 
-1248970.771973 -1361596.267090 
-1248887.959473 -1361492.659912 
-1248833.015625 -1361428.566895 
-1248800.483887 -1361390.261230 
-1248719.752686 -1361288.320313 
-1248665.925781 -1361223.269043 
-1248583.906738 -1361102.797852 
-1248524.562256 -1361028.640137 
-1248492.756836 -1360987.453613 
-1248434.669678 -1360920.076904 
-1248405.378906 -1360873.793945 
-1248342.811768 -1360793.959961 
-1248286.573975 -1360714.693604 
-1248252.009766 -1360667.910156 
-1248223.195068 -1360623.488770 
-1248193.104736 -1360581.307373 
-1248163.081543 -1360536.574707 
-1248129.054443 -1360486.983643 
-1248102.083008 -1360442.543945 
-1248076.478760 -1360398.861084 
-1248048.634521 -1360354.396973 
-1248020.521729 -1360309.096680 
-1247993.062012 -1360260.195313 
-1247966.060059 -1360211.898193 
-1247938.459961 -1360165.035400 
-1247882.753174 -1360066.427002 
-1247858.589355 -1360020.681152 
-1247834.089844 -1359973.690186 
-1247778.682129 -1359882.296143 
-1247749.672119 -1359832.747803 
-1247718.739502 -1359782.058105 
-1247694.722168 -1359737.142334 
-1247668.953125 -1359692.415771 
-1247632.997314 -1359639.913330 
-1247607.911865 -1359592.830811 
-1247581.465332 -1359549.849854 
-1247550.905029 -1359502.462158 
-1247520.570557 -1359451.357422 
-1247491.353027 -1359409.554443 
-1247461.396973 -1359347.286377 
-1247433.394043 -1359300.435791 
-1247395.387451 -1359249.880371 
-1247368.843262 -1359206.166992 
-1247306.910889 -1359106.221924 
-1247279.835693 -1359063.216553 
-1247228.334229 -1358979.525146 
-1247168.989746 -1358891.842041 
-1247143.599121 -1358843.660889 
-1247112.147705 -1358791.579590 
-1247055.732910 -1358698.885498 
-1247030.885498 -1358648.305664 
-1247002.260010 -1358602.840576 
-1246948.652832 -1358507.186279 
-1246923.701660 -1358463.167725 
-1246877.614014 -1358376.607666 
-1246842.927734 -1358323.360596 
-1246815.278809 -1358279.775391 
-1246784.883301 -1358230.196533 
-1246764.216797 -1358182.283936 
-1246711.732666 -1358095.845947 
-1246690.516846 -1358045.791016 
-1246640.669434 -1357958.394775 
-1246615.205566 -1357909.810791 
-1246567.836182 -1357821.065674 
-1246540.736572 -1357771.950684 
-1246517.244141 -1357722.500000 
-1246471.498291 -1357638.656006 
-1246447.792236 -1357594.094238 
-1246423.231689 -1357548.714600 
-1246400.178711 -1357502.022705 
-1246357.759277 -1357415.175781 
-1246330.128662 -1357369.796143 
-1246303.431885 -1357315.474854 
-1246263.264648 -1357241.524658 
-1246236.299316 -1357191.146240 
-1246209.230225 -1357142.794189 
-1246189.021484 -1357094.674072 
-1246142.006104 -1357009.554443 
-1246115.071289 -1356964.699707 
-1246093.116943 -1356915.621338 
-1246049.177734 -1356830.025635 
-1245998.884766 -1356742.153320 
-1245951.307861 -1356660.494385 
-1245926.387207 -1356616.646729 
-1245900.300781 -1356569.991455 
-1245874.281494 -1356515.120850 
-1245828.651611 -1356439.736328 
-1245802.681152 -1356388.179932 
-1245775.367920 -1356344.436035 
-1245725.410645 -1356253.060303 
-1245672.181885 -1356169.899902 
-1245646.895020 -1356118.581543 
-1245598.390381 -1356036.544189 
-1245569.459717 -1355987.392578 
-1245522.126953 -1355902.034912 
-1245496.095459 -1355854.598389 
-1245464.546387 -1355804.213867 
-1245423.237793 -1355722.042236 
-1245398.250000 -1355676.998291 
-1245370.509521 -1355627.877197 
-1245344.685547 -1355577.980957 
-1245318.873779 -1355530.977783 
-1245293.269531 -1355479.012451 
-1245244.124023 -1355391.127930 
-1245220.918457 -1355343.459473 
-1245196.724121 -1355295.406494 
-1245172.902100 -1355249.971924 
-1245149.159424 -1355204.549561 
-1245100.697510 -1355113.619385 
-1245075.422852 -1355065.834961 
-1245021.284668 -1354958.590088 
-1244978.773682 -1354877.181396 
-1244950.306885 -1354828.200684 
-1244901.863281 -1354731.520996 
-1244874.843018 -1354678.664551 
-1244831.013672 -1354592.934570 
-1244800.996582 -1354538.735352 
-1244753.871338 -1354447.310791 
-1244730.873291 -1354398.305664 
-1244702.052490 -1354346.505127 
-1244652.858154 -1354253.902588 
-1244626.411621 -1354201.186523 
-1244601.112549 -1354154.573975 
-1244568.782227 -1354104.775391 
-1244542.732422 -1354054.885254 
-1244518.068115 -1354005.800781 
-1244463.166992 -1353905.684814 
-1244436.195557 -1353857.637939 
-1244408.479492 -1353808.486328 
-1244380.922119 -1353762.502441 
-1244351.509277 -1353712.166748 
-1244323.927490 -1353662.899170 
-1244293.721191 -1353612.935791 
-1244267.469971 -1353563.680420 
-1244238.289063 -1353510.012207 
-1244209.791748 -1353464.083252 
-1244180.702393 -1353412.001953 
-1244149.550049 -1353363.704834 
-1244122.419922 -1353314.553223 
-1244092.463867 -1353265.303955 
-1244063.002197 -1353218.392334 
-1244034.541504 -1353167.281494 
-1244003.358643 -1353115.102539 
-1243978.499023 -1353064.071045 
-1243946.241943 -1353017.122803 
-1243919.770996 -1352973.781738 
-1243894.227783 -1352924.562988 
-1243865.895264 -1352878.316650 
-1243804.292480 -1352784.896240 
-1243774.623291 -1352734.011230 
-1243752.577393 -1352687.239990 
-1243724.867432 -1352634.670410 
-1243671.339600 -1352548.842773 
-1243641.200439 -1352489.077148 
-1243592.946045 -1352401.241455 
-1243536.506836 -1352311.654053 
-1243510.847656 -1352256.038818 
-1243463.868896 -1352170.528564 
-1243437.892334 -1352124.239502 
-1243409.254639 -1352071.676025 
-1243384.614746 -1352022.078857 
-1243359.419434 -1351967.434082 
-1243305.287354 -1351878.908691 
-1243281.984131 -1351830.867920 
-1243234.572021 -1351738.717041 
-1243208.772461 -1351694.991455 
-1243178.962891 -1351641.689453 
-1243135.493652 -1351552.639160 
-1243086.506836 -1351465.450439 
-1243060.701172 -1351416.396484 
-1243019.362061 -1351331.533203 
-1242992.665283 -1351281.160889 
-1242969.490234 -1351235.427246 
-1242943.953125 -1351189.669189 
-1242896.351807 -1351097.298584 
-1242849.928467 -1351010.408936 
-1242832.386963 -1350962.453613 
-1242805.494873 -1350916.091309 
-1242778.047363 -1350872.969971 
-1242726.265137 -1350783.913574 
-1242704.316895 -1350732.827148 
-1242667.482178 -1350653.859863 
-1242619.349854 -1350563.033447 
-1242600.831787 -1350511.525879 
-1242553.535645 -1350430.025635 
-1242531.813232 -1350382.216797 
-1242510.597412 -1350336.885986 
-1242467.909424 -1350251.723633 
-1242442.286865 -1350206.118164 
-1242405.354492 -1350122.500000 
-1242362.623779 -1350033.950195 
-1242322.755615 -1349950.283203 
-1242285.719482 -1349863.179932 
-1242243.806641 -1349781.832275 
-1242202.308838 -1349699.416504 
-1242164.912598 -1349613.894043 
-1242122.194092 -1349527.651367 
-1242080.055420 -1349445.583496 
-1242033.027832 -1349357.045898 
-1241986.390869 -1349266.866455 
-1241960.298340 -1349219.313965 
-1241909.529297 -1349131.966553 
-1241862.178223 -1349047.579346 
-1241841.359131 -1349001.705322 
-1241815.425293 -1348956.789551 
-1241767.616455 -1348868.251953 
-1241741.572754 -1348823.452148 
-1241706.648438 -1348776.943359 
-1241683.259766 -1348728.035889 
-1241656.611816 -1348684.090576 
-1241628.987305 -1348639.248047 
-1241598.921387 -1348590.603027 
-1241568.477051 -1348547.414551 
-1241545.912354 -1348498.989258 
-1241519.056885 -1348456.447754 
-1241491.572754 -1348402.901611 
-1241461.799805 -1348354.348145 
-1241435.786621 -1348311.385498 
-1241408.754150 -1348262.539063 
-1241380.165283 -1348218.422852 
-1241351.484863 -1348169.649658 
-1241323.341553 -1348121.041260 
-1241299.910156 -1348075.765381 
-1241266.700928 -1348026.693115 
-1241240.925781 -1347978.371582 
-1241217.048828 -1347929.104004 
-1241190.602295 -1347883.236084 
-1241139.106934 -1347786.226807 
-1241109.651367 -1347738.265381 
-1241083.607666 -1347691.359863 
-1241038.154785 -1347598.879395 
-1241013.508789 -1347551.339111 
-1240962.812988 -1347455.642090 
-1240915.699951 -1347365.902100 
-1240889.015381 -1347314.779053 
-1240864.485352 -1347267.836914 
-1240818.721191 -1347179.573975 
-1240792.555420 -1347133.394775 
-1240743.745605 -1347043.190918 
-1240713.661377 -1346989.827881 
-1240688.490479 -1346946.163330 
-1240641.499512 -1346856.441650 
-1240613.533203 -1346812.813721 
-1240546.498291 -1346679.311523 
-1240500.532715 -1346602.083740 
-1240441.694824 -1346499.697266 
-1240395.100586 -1346416.365967 
-1240323.884766 -1346283.522949 
-1240293.788330 -1346238.320313 
-1240243.843262 -1346153.286133 
-1240214.503662 -1346106.057129 
-1240171.809570 -1346023.317871 
-1240123.457520 -1345936.354980 
-1240095.967285 -1345891.256104 
-1240054.005615 -1345805.837402 
-1240027.449219 -1345762.923584 
-1239981.935303 -1345675.985107 
-1239930.299561 -1345587.679443 
-1239908.101074 -1345541.140137 
-1239862.916748 -1345453.530273 
-1239833.528320 -1345407.998047 
-1239792.482178 -1345323.885498 
-1239744.484131 -1345238.460693 
-1239693.544189 -1345146.895752 
-1239654.548828 -1345070.723877 
-1239631.587402 -1345026.137695 
-1239613.716309 -1344979.335938 
-1239585.847656 -1344935.219727 
-1239543.098633 -1344849.471436 
-1239502.864258 -1344766.805420 
-1239459.767334 -1344679.622803 
-1239419.392578 -1344594.063721 
-1239381.117432 -1344515.352783 
-1239355.250732 -1344471.975098 
-1239318.129150 -1344381.667480 
-1239283.625977 -1344305.159912 
-1239241.945068 -1344226.278076 
-1239222.529785 -1344179.897461 
-1239189.259521 -1344105.379639 
-1239145.417969 -1344024.508057 
-1239109.279053 -1343938.692627 
-1239067.030518 -1343865.255127 
-1239031.984131 -1343788.424072 
-1238989.894287 -1343724.410400 
-1238942.915527 -1343644.338379 
-1238920.149414 -1343598.665771 
-1238882.661621 -1343543.532715 
-1238842.781250 -1343474.373779 
-1238809.034912 -1343407.235107 
-1238761.677734 -1343342.403564 
-1238729.286377 -1343279.549561 
-1238688.661377 -1343223.696289 
-1238662.056152 -1343165.627441 
-1238633.204834 -1343109.725342 
-1238600.203125 -1343054.860840 
-1238569.825928 -1342999.965820 
-1238543.092529 -1342947.884521 
-1238514.979736 -1342896.126709 
-1238483.430664 -1342845.656738 
-1238451.002686 -1342791.555176 
-1238424.910156 -1342738.338623 
-1238394.954102 -1342686.947021 
-1238361.177246 -1342626.998291 
-1238329.152100 -1342570.925293 
-1238303.151123 -1342522.365723 
-1238252.375977 -1342455.281982 
-1238207.417480 -1342391.365967 
-1238165.352051 -1342339.180908 
-1238124.873535 -1342279.384766 
-1238091.102783 -1342224.361572 
-1238034.663574 -1342177.034912 
-1237978.737061 -1342130.837402 
-1237926.509277 -1342082.027588 
-1237876.924316 -1342051.180420 
-1237824.196045 -1342010.744629 
-1237772.377197 -1341975.405273 
-1237703.206055 -1341941.585693 
-1237638.069336 -1341902.388916 
-1237582.020752 -1341882.271729 
-1237508.162109 -1341862.539063 
-1237436.482422 -1341846.090088 
-1237357.545654 -1341832.735596 
-1237287.642090 -1341821.437988 
-1237210.164063 -1341811.141357 
-1237136.848633 -1341802.895508 
-1237051.808350 -1341798.446045 
-1236968.202393 -1341794.936523 
-1236880.140869 -1341796.999512 
-1236818.104736 -1341791.884766 
-1236724.214355 -1341799.733887 
-1236617.219727 -1341814.901123 
-1236534.419434 -1341830.367432 
-1236467.567627 -1341846.621094 
-1236356.447021 -1341881.954346 
-1236297.834961 -1341916.146240 
-1236232.008545 -1341944.344482 
-1236172.047607 -1341980.996094 
-1236106.538574 -1342011.416016 
-1236049.000732 -1342047.127686 
-1235991.664307 -1342083.590088 
-1235916.676514 -1342125.142822 
-1235844.087402 -1342170.974121 
-1235782.838623 -1342213.637695 
-1235711.189453 -1342259.273682 
-1235645.460693 -1342303.719482 
-1235579.548828 -1342349.300537 
-1235508.143799 -1342395.845947 
-1235438.856689 -1342438.106689 
-1235375.471680 -1342482.955322 
-1235308.986084 -1342525.222168 
-1235244.490234 -1342566.622314 
-1235178.804199 -1342608.669434 
-1235114.863770 -1342648.507080 
-1235053.175537 -1342684.639893 
-1234987.538330 -1342725.405273 
-1234924.452393 -1342762.661133 
-1234863.752930 -1342799.062500 
-1234804.670898 -1342831.685791 
-1234743.995850 -1342864.168701 
-1234683.351318 -1342896.053467 
-1234634.993164 -1342924.178467 
-1234581.746094 -1342954.836426 
-1234529.896729 -1342981.173096 
-1234486.079590 -1343007.521973 
-1234424.531738 -1343043.666992 
-1234376.594727 -1343078.261719 
-1234331.587402 -1343108.138428 
-1234285.566895 -1343138.094482 
-1234237.684814 -1343169.973145 
-1234198.500244 -1343201.241455 
-1234158.278076 -1343231.075439 
-1234124.122803 -1343272.231445 
-1234093.037598 -1343318.099365 
-1234074.867432 -1343365.670166 
-1234063.234131 -1343430.532227 
-1234065.004150 -1343485.653076 
-1234071.394531 -1343545.479736 
-1234091.389648 -1343594.350586 
-1234124.006836 -1343647.329102 
-1234163.923828 -1343706.875000 
-1234200.056641 -1343746.907959 
-1234240.303223 -1343783.248291 
-1234284.321777 -1343823.031006 
-1234336.860840 -1343865.554199 
-1234419.203369 -1343934.816895 
-1234495.192139 -1344010.451660 
-1234543.928711 -1344060.488281 
-1234591.200439 -1344116.195068 
-1234637.355225 -1344176.180420 
-1234680.543701 -1344234.243164 
-1234724.128906 -1344300.441895 
-1234765.376465 -1344364.150391 
-1234808.833496 -1344432.613525 
-1234858.265869 -1344509.548340 
-1234909.498779 -1344585.134277 
-1234959.358398 -1344659.987793 
-1235010.005371 -1344741.011963 
-1235068.251221 -1344817.781982 
-1235096.754639 -1344858.992920 
-1235148.286621 -1344940.255127 
-1235203.621094 -1345021.523438 
-1235231.935303 -1345064.980469 
-1235263.813965 -1345105.153809 
-1235291.090576 -1345147.200928 
-1235321.095459 -1345189.742432 
-1235351.625244 -1345233.248291 
-1235383.741943 -1345278.609619 
-1235414.003174 -1345320.968018 
-1235443.550293 -1345366.469727 
-1235476.411621 -1345411.782227 
-1235511.128418 -1345457.973633 
-1235541.060059 -1345499.733887 
-1235572.273438 -1345543.575439 
-1235605.848877 -1345589.669189 
-1235639.924805 -1345636.202393 
-1235671.602051 -1345681.075439 
-1235699.202148 -1345725.972900 
-1235731.422607 -1345774.825439 
-1235763.435547 -1345819.942627 
-1235794.136230 -1345864.248047 
-1235825.465576 -1345910.811768 
-1235854.231445 -1345958.284912 
-1235888.429443 -1346007.894287 
-1235915.620605 -1346055.874023 
-1235948.036377 -1346105.904541 
-1235984.651367 -1346156.337891 
-1236014.424316 -1346205.117188 
-1236046.595947 -1346254.885254 
-1236078.779785 -1346303.060303 
-1236110.896484 -1346357.485352 
-1236145.387451 -1346409.829102 
-1236173.365967 -1346455.336914 
-1236206.251709 -1346510.323486 
-1236236.989014 -1346554.940186 
-1236270.704834 -1346606.160889 
-1236302.888672 -1346659.249268 
-1236332.423584 -1346704.030762 
-1236365.736572 -1346758.254395 
-1236397.761719 -1346812.569580 
-1236428.511230 -1346861.342773 
-1236459.022705 -1346906.405029 
-1236491.505615 -1346961.812744 
-1236520.393555 -1347009.230957 
-1236549.867432 -1347057.821045 
-1236583.784668 -1347113.259277 
-1236613.508789 -1347157.009277 
-1236644.856445 -1347208.791504 
-1236677.821533 -1347259.548340 
-1236708.760254 -1347307.497559 
-1236740.620605 -1347361.019287 
-1236773.268311 -1347415.639648 
-1236801.277344 -1347460.793457 
-1236834.449951 -1347510.872803 
-1236863.820068 -1347561.574707 
-1236893.367188 -1347610.207520 
-1236927.839844 -1347662.496338 
-1236956.990234 -1347713.460693 
-1236988.771240 -1347763.674316 
-1237019.764893 -1347812.929688 
-1237049.342529 -1347864.522705 
-1237080.800049 -1347914.180908 
-1237111.244385 -1347965.596924 
-1237143.312256 -1348017.696533 
-1237171.876709 -1348065.340576 
-1237203.676025 -1348115.517578 
-1237233.967773 -1348164.205322 
-1237264.344971 -1348216.011963 
-1237295.210449 -1348263.680420 
-1237326.454346 -1348311.397705 
-1237358.625977 -1348364.083252 
-1237390.297119 -1348413.765869 
-1237419.453613 -1348462.832031 
-1237450.349609 -1348516.072998 
-1237484.742920 -1348568.441162 
-1237512.922852 -1348615.322266 
-1237546.077148 -1348667.421875 
-1237578.975098 -1348718.789063 
-1237607.985107 -1348767.519531 
-1237640.187256 -1348818.013916 
-1237670.985596 -1348867.116699 
-1237701.741211 -1348916.597900 
-1237736.146729 -1348967.629395 
-1237767.250244 -1349020.589600 
-1237797.670166 -1349071.828613 
-1237826.515381 -1349120.321045 
-1237861.476318 -1349169.783936 
-1237892.549316 -1349220.449219 
-1237924.110596 -1349271.279297 
-1237957.704346 -1349321.297607 
-1237988.569824 -1349368.374023 
-1238018.263428 -1349419.289551 
-1238050.056641 -1349470.809326 
-1238084.431641 -1349517.275391 
-1238116.169922 -1349568.245850 
-1238148.005859 -1349619.442139 
-1238180.690186 -1349669.509277 
-1238209.877197 -1349720.052490 
-1238242.964355 -1349770.595703 
-1238274.855225 -1349820.156250 
-1238305.897705 -1349870.217285 
-1238338.380615 -1349921.010742 
-1238371.687500 -1349971.462402 
-1238402.559082 -1350023.018799 
-1238432.502930 -1350070.565186 
-1238463.496582 -1350121.828613 
-1238491.322510 -1350169.680176 
-1238522.780029 -1350217.781982 
-1238552.681152 -1350269.088135 
-1238585.377686 -1350317.214355 
-1238613.740723 -1350369.863281 
-1238645.619385 -1350421.065674 
-1238673.304932 -1350468.697510 
-1238702.852051 -1350522.957764 
-1238731.379883 -1350571.297607 
-1238761.232178 -1350621.077881 
-1238814.991943 -1350719.075928 
-1238846.089355 -1350768.691406 
-1238875.752441 -1350816.768799 
-1238901.027100 -1350865.364990 
-1238928.663818 -1350914.479980 
-1238956.636230 -1350962.551270 
-1238987.043945 -1351010.659180 
-1239060.865967 -1351153.463135 
-1239087.294189 -1351200.515137 
-1239112.397949 -1351250.417480 
-1239158.400146 -1351339.022217 
-1239199.818604 -1351426.510010 
-1239257.350342 -1351555.355225 
-1239325.184814 -1351680.428467 
-1239364.790527 -1351761.342773 
-1239413.838379 -1351841.805420 
-1239466.145508 -1351916.677246 
-1239519.435303 -1351992.824707 
-1239573.683350 -1352061.586914 
-1239631.849854 -1352130.190430 
-1239689.393799 -1352196.523438 
-1239754.231445 -1352264.449463 
-1239818.062012 -1352330.855713 
-1239889.570801 -1352391.628418 
-1239962.440674 -1352458.815918 
-1240002.931396 -1352492.244873 
-1240047.151367 -1352519.130859 
-1240087.013428 -1352549.880371 
-1240125.575439 -1352582.460938 
-1240171.412842 -1352609.145508 
-1240213.209717 -1352639.412842 
-1240258.339111 -1352667.849121 
-1240303.651611 -1352691.671143 
-1240392.335693 -1352743.709717 
-1240440.559570 -1352766.799316 
-1240528.230469 -1352808.895264 
-1240578.553955 -1352831.026611 
-1240627.626221 -1352852.901611 
-1240676.899902 -1352870.180664 
-1240725.203125 -1352887.044678 
-1240774.684326 -1352907.113037 
-1240871.101563 -1352938.289795 
-1240926.179688 -1352955.361328 
-1240978.102295 -1352968.355713 
-1241030.482666 -1352984.938965 
-1241081.703369 -1352997.579346 
-1241136.934082 -1353001.680908 
-1241193.818848 -1353016.262207 
-1241248.085205 -1353022.243652 
-1241302.400391 -1353030.031738 
-1241363.105957 -1353041.591797 
-1241413.765137 -1353051.430664 
-1241466.078369 -1353059.200439 
-1241518.000977 -1353067.678223 
-1241573.378174 -1353078.914795 
-1241627.729980 -1353090.902100 
-1241676.527588 -1353101.870117 
-1241725.605957 -1353118.728027 
-1241818.251221 -1353150.399170 
-1241870.308105 -1353168.178711 
-1241962.733643 -1353205.275879 
-1242048.597900 -1353248.287354 
-1242096.895020 -1353273.891602 
-1242177.168457 -1353324.318848 
-1242225.935547 -1353352.059326 
-1242288.380615 -1353408.706055 
-1242361.482422 -1353470.009766 
-1242401.338379 -1353504.793701 
-1242463.240234 -1353569.509277 
-1242496.809570 -1353613.265381 
-1242555.378906 -1353686.098633 
-1242615.754883 -1353761.104736 
-1242667.830078 -1353843.032227 
-1242714.045898 -1353927.559814 
-1242737.599365 -1353973.427734 
-1242779.091064 -1354058.333740 
-1242811.384766 -1354137.294922 
-1242827.888672 -1354190.590820 
-1242856.868164 -1354285.646973 
-1242886.555664 -1354379.110107 
-1242914.021484 -1354477.608643 
-1242921.974365 -1354527.456055 
-1242935.768311 -1354620.009766 
-1242939.808838 -1354671.474609 
-1242945.973389 -1354725.173340 
-1242952.260010 -1354821.206055 
-1242954.402344 -1354873.964844 
-1242955.293457 -1354971.059570 
-1242948.872559 -1355027.864990 
-1242946.290771 -1355127.779541 
-1242934.175293 -1355182.344971 
-1242917.207520 -1355278.048096 
-1242900.917236 -1355378.170166 
-1242868.330566 -1355466.610107 
-1242850.111572 -1355513.552246 
-1242821.620361 -1355607.644043 
-1242778.553955 -1355695.491943 
-1242754.274170 -1355746.035156 
-1242708.265869 -1355837.770996 
-1242655.647461 -1355918.477783 
-1242630.104248 -1355963.521729 
-1242565.480225 -1356041.964111 
-1242509.218018 -1356117.263184 
-1242475.905029 -1356156.765137 
-1242410.243408 -1356223.891602 
-1242348.146240 -1356288.601074 
-1242280.208008 -1356345.418701 
-1242211.055176 -1356398.922119 
-1242140.077393 -1356448.610840 
-1242072.517578 -1356499.105225 
-1242000.087158 -1356544.759521 
-1241929.402344 -1356583.016357 
-1241857.655518 -1356620.675049 
-1241790.297119 -1356659.194336 
-1241718.684570 -1356688.875732 
-1241641.176025 -1356718.117676 
-1241575.605957 -1356744.387207 
-1241499.592773 -1356764.895020 
-1241401.631348 -1356786.257324 
-1241325.880615 -1356800.673828 
-1241259.919922 -1356805.043945 
-1241160.292236 -1356801.595459 
-1241099.806396 -1356797.860107 
-1241039.912598 -1356783.400879 
-1240978.291504 -1356773.836670 
-1240887.361328 -1356752.260742 
-1240826.027100 -1356735.915527 
-1240773.365967 -1356715.480957 
-1240719.392578 -1356693.532715 
-1240661.860840 -1356673.641357 
-1240603.090088 -1356658.205566 
-1240549.659912 -1356632.198486 
-1240496.296875 -1356613.454590 
-1240443.483154 -1356586.287842 
-1240393.318359 -1356563.173828 
-1240345.649902 -1356539.132080 
-1240298.610107 -1356514.479980 
-1240244.819824 -1356488.186035 
-1240200.691406 -1356463.228760 
-1240137.379639 -1356424.813232 
-1240093.916504 -1356396.767578 
-1240047.712891 -1356369.570313 
-1240002.662842 -1356332.106934 
-1239956.898682 -1356293.374023 
-1239905.793945 -1356251.381836 
-1239856.746094 -1356194.472656 
-1239806.575195 -1356140.078125 
-1239746.284668 -1356077.816162 
-1239704.255859 -1356008.291016 
-1239676.075928 -1355964.559326 
-1239630.720703 -1355888.900146 
-1239589.979736 -1355805.422363 
-1239554.945557 -1355723.519287 
-1239523.585693 -1355629.909668 
-1239498.402588 -1355539.333496 
-1239477.113525 -1355444.216309 
-1239468.605225 -1355392.647705 
-1239454.811279 -1355301.094971 
-1239446.064941 -1355247.945557 
-1239444.001953 -1355156.447754 
-1239441.688721 -1355054.665527 
-1239446.583740 -1354949.813232 
-1239448.964111 -1354898.562012 
-1239448.311035 -1354846.779785 
-1239453.950684 -1354747.414551 
-1239465.547363 -1354649.996338 
-1239474.727051 -1354594.295654 
-1239482.203857 -1354544.790039 
-1239499.867432 -1354447.060547 
-1239509.535400 -1354396.743164 
-1239519.209473 -1354346.920166 
-1239530.049316 -1354297.017822 
-1239537.489502 -1354247.542725 
-1239541.725342 -1354187.166748 
-1239550.300781 -1354129.592285 
-1239562.556641 -1354025.454102 
-1239565.992920 -1353912.294922 
-1239568.995850 -1353814.638672 
-1239569.581787 -1353703.060303 
-1239563.026611 -1353649.746094 
-1239560.182373 -1353597.658691 
-1239554.261963 -1353493.538818 
-1239553.151123 -1353439.132080 
-1239549.269287 -1353337.203369 
-1239543.947021 -1353287.307129 
-1239540.297119 -1353236.971436 
-1239526.594727 -1353130.965576 
-1239512.269775 -1353033.199463 
-1239502.064697 -1352928.402100 
-1239490.645020 -1352831.179199 
-1239480.000488 -1352780.532227 
-1239465.077393 -1352681.447754 
-1239452.766602 -1352592.690430 
-1239438.008301 -1352544.490967 
-1239427.424805 -1352492.989502 
-1239392.158691 -1352404.281006 
-1239364.052002 -1352313.240967 
-1239330.806152 -1352224.367676 
-1239295.369141 -1352142.598877 
-1239278.938477 -1352091.549072 
-1239237.458984 -1352015.065918 
-1239198.921387 -1351940.712891 
-1239157.203857 -1351864.565430 
-1239109.761230 -1351793.001709 
-1239064.735596 -1351720.717773 
-1239016.060059 -1351653.334961 
-1238971.254150 -1351586.690674 
-1238923.524658 -1351514.010010 
-1238877.614014 -1351450.625000 
-1238808.479492 -1351345.791016 
-1238762.819092 -1351277.810059 
-1238714.772217 -1351207.503662 
-1238669.160645 -1351135.500488 
-1238608.796875 -1351033.004150 
-1238562.709229 -1350958.431396 
-1238503.474609 -1350851.961670 
-1238462.135498 -1350777.480469 
-1238427.485840 -1350711.000977 
-1238387.129395 -1350635.445557 
-1238350.770752 -1350562.233887 
-1238308.125488 -1350489.376221 
-1238269.111816 -1350419.844971 
-1238228.791992 -1350349.746094 
-1238185.157959 -1350276.967773 
-1238143.672363 -1350207.802734 
-1238104.731934 -1350139.577637 
-1238044.545166 -1350041.121826 
-1238003.566162 -1349972.756348 
-1237962.556641 -1349908.620605 
-1237919.459717 -1349841.658936 
-1237881.569092 -1349776.137695 
-1237838.600342 -1349710.469971 
-1237795.533936 -1349648.140869 
-1237753.376953 -1349580.080566 
-1237713.685791 -1349520.052490 
-1237669.062988 -1349458.486328 
-1237626.301758 -1349394.558105 
-1237580.159180 -1349330.709229 
-1237535.841553 -1349268.190918 
-1237493.831055 -1349206.319580 
-1237443.983643 -1349137.032471 
-1237397.780029 -1349072.695313 
-1237352.284424 -1349006.710205 
-1237308.540527 -1348939.663086 
-1237259.871094 -1348864.125977 
-1237215.864746 -1348791.146240 
-1237174.257080 -1348720.479736 
-1237124.373047 -1348644.301758 
-1237089.100830 -1348573.964844 
-1237059.834473 -1348532.216797 
-1237018.928711 -1348462.990723 
-1236976.655762 -1348393.221436 
-1236927.858154 -1348316.768799 
-1236886.451904 -1348246.431885 
-1236838.948242 -1348170.186768 
-1236802.040283 -1348107.308350 
-1236755.049316 -1348036.953125 
-1236708.522217 -1347967.684326 
-1236661.989014 -1347896.108398 
-1236616.670410 -1347826.259766 
-1236573.469727 -1347756.783447 
-1236527.034180 -1347690.700684 
-1236479.280273 -1347621.938477 
-1236432.606689 -1347557.650146 
-1236387.727539 -1347495.430908 
-1236341.212646 -1347424.428711 
-1236295.778076 -1347362.770996 
-1236251.716797 -1347296.108398 
-1236206.099121 -1347228.902588 
-1236161.537354 -1347161.831055 
-1236119.215576 -1347099.074707 
-1236076.814453 -1347031.472168 
-1236035.585205 -1346965.212402 
-1235994.404785 -1346901.790771 
-1235954.866211 -1346833.187256 
-1235910.615723 -1346767.690430 
-1235871.040527 -1346701.265869 
-1235829.304688 -1346635.506592 
-1235786.488525 -1346573.830566 
-1235743.330566 -1346511.708984 
-1235698.298828 -1346449.642334 
-1235650.105469 -1346381.032715 
-1235608.766357 -1346322.664795 
-1235558.625977 -1346259.310303 
-1235516.279785 -1346196.718750 
-1235469.899170 -1346130.080566 
-1235426.783936 -1346067.598877 
-1235380.037109 -1346001.082764 
-1235336.903564 -1345936.129150 
-1235287.776367 -1345868.764648 
-1235243.544189 -1345801.729736 
-1235196.656982 -1345734.017334 
-1235152.839844 -1345665.651855 
-1235109.120361 -1345595.632324 
-1235063.282959 -1345523.317871 
-1235017.915527 -1345454.232178 
-1234970.497314 -1345383.181152 
-1234928.553955 -1345308.846436 
-1234883.748047 -1345236.959229 
-1234836.305420 -1345164.028320 
-1234792.408936 -1345089.589844 
-1234750.288574 -1345022.512207 
-1234682.203857 -1344915.645752 
-1234634.456055 -1344846.285400 
-1234580.940430 -1344776.448975 
-1234530.073730 -1344713.228760 
-1234475.886719 -1344648.397217 
-1234420.277588 -1344580.239258 
-1234362.202637 -1344516.207275 
-1234302.638428 -1344459.456787 
-1234244.081299 -1344406.612549 
-1234176.747314 -1344348.763428 
-1234111.213867 -1344298.720703 
-1234037.233154 -1344246.962891 
-1233967.244141 -1344205.062256 
-1233892.787354 -1344164.498291 
-1233819.136230 -1344132.583008 
-1233738.539307 -1344097.402344 
-1233661.873047 -1344072.445068 
-1233584.803955 -1344045.900879 
-1233508.894531 -1344024.788818 
-1233429.768555 -1344014.370117 
-1233351.106445 -1344004.213867 
-1233261.812012 -1343999.025879 
-1233182.826416 -1344001.558838 
-1233099.513428 -1344008.052979 
-1232961.244385 -1344031.746826 
-1232912.007324 -1344042.867432 
-1232819.093506 -1344066.182861 
-1232723.115723 -1344092.354736 
-1232673.774902 -1344110.329590 
-1232626.570313 -1344129.195557 
-1232535.475342 -1344166.732178 
-1232488.270752 -1344185.659180 
-1232437.965576 -1344206.466064 
-1232390.211670 -1344233.254395 
-1232342.775146 -1344260.286865 
-1232294.770996 -1344283.901367 
-1232247.407715 -1344312.728271 
-1232196.443359 -1344341.939697 
-1232148.195068 -1344367.318115 
-1232097.786133 -1344396.395264 
-1232047.041504 -1344422.353516 
-1231996.669189 -1344452.761230 
-1231947.078125 -1344480.104980 
-1231904.011719 -1344508.437500 
-1231852.778809 -1344535.213623 
-1231801.558105 -1344566.701660 
-1231755.476563 -1344595.906982 
-1231695.070068 -1344629.757080 
-1231645.540039 -1344659.127197 
-1231594.832031 -1344688.167725 
-1231542.830078 -1344715.078125 
-1231486.158936 -1344750.319824 
-1231436.384766 -1344773.146973 
-1231390.553467 -1344797.542725 
-1231336.268799 -1344823.720703 
-1231287.349121 -1344849.538574 
-1231228.108398 -1344878.981934 
-1231168.934814 -1344909.542236 
-1231119.661133 -1344931.392822 
-1231069.624512 -1344957.607422 
-1231018.544189 -1344980.843506 
-1230952.858154 -1345009.353027 
-1230901.161377 -1345034.652100 
-1230853.108398 -1345053.908691 
-1230803.889648 -1345073.537598 
-1230751.399414 -1345096.791992 
-1230696.956055 -1345121.737061 
-1230635.090820 -1345147.652588 
-1230579.341309 -1345172.023926 
-1230528.895752 -1345198.696289 
-1230475.410645 -1345215.651855 
-1230422.517578 -1345243.428955 
-1230358.003418 -1345269.704590 
-1230266.163818 -1345309.462891 
-1230212.416260 -1345335.946045 
-1230153.956787 -1345362.990723 
-1230105.073730 -1345385.714111 
-1230056.996338 -1345405.086670 
-1230002.217285 -1345430.343018 
-1229953.358643 -1345454.744873 
-1229897.621338 -1345479.683838 
-1229845.796387 -1345501.235352 
-1229793.165771 -1345528.017578 
-1229742.964355 -1345551.992188 
-1229690.931885 -1345579.378662 
-1229639.631836 -1345603.591309 
-1229589.027588 -1345623.690186 
-1229534.083740 -1345651.931152 
-1229486.927979 -1345675.582275 
-1229432.393066 -1345705.135498 
-1229382.234375 -1345727.907715 
-1229333.632080 -1345751.235352 
-1229285.658447 -1345774.953613 
-1229231.453125 -1345801.992188 
-1229173.616211 -1345829.958496 
-1229124.830811 -1345852.004395 
-1229030.909912 -1345897.530518 
-1228977.986328 -1345921.816406 
-1228926.844971 -1345948.470459 
-1228877.589600 -1345971.242676 
-1228824.574463 -1346001.760254 
-1228774.727051 -1346028.109131 
-1228725.288574 -1346053.048096 
-1228673.848145 -1346076.217041 
-1228617.744629 -1346104.885254 
-1228569.062988 -1346126.717529 
-1228520.851318 -1346153.597412 
-1228471.571533 -1346172.066650 
-1228419.368164 -1346202.834473 
-1228375.093262 -1346226.723633 
-1228322.505371 -1346249.038086 
-1228275.734131 -1346273.317871 
-1228181.184570 -1346318.911133 
-1228121.541016 -1346348.726807 
-1228074.891846 -1346372.170410 
-1228022.157471 -1346394.667969 
-1227975.514404 -1346414.797363 
-1227921.425049 -1346444.698486 
-1227868.965332 -1346467.128906 
-1227819.490234 -1346483.516846 
-1227772.310059 -1346510.415039 
-1227724.434082 -1346530.434570 
-1227671.663086 -1346559.475098 
-1227620.704834 -1346576.119385 
-1227573.927490 -1346596.230469 
-1227519.478027 -1346622.774658 
-1227472.560303 -1346644.356689 
-1227376.509277 -1346690.004883 
-1227273.829834 -1346733.278809 
-1227224.641602 -1346758.809814 
-1227117.469971 -1346808.901367 
-1227028.071777 -1346852.559814 
-1226978.828613 -1346876.809082 
-1226932.472412 -1346903.084717 
-1226839.961426 -1346950.679932 
-1226794.679443 -1346975.692139 
-1226746.638672 -1347003.328857 
-1226653.053467 -1347052.816162 
-1226564.808838 -1347099.996338 
-1226520.674316 -1347125.661621 
-1226434.724609 -1347173.842773 
-1226387.367432 -1347197.969971 
-1226250.618164 -1347274.544678 
-1226164.387695 -1347320.412598 
-1226077.150146 -1347366.250000 
-1225987.654297 -1347415.401611 
-1225901.912109 -1347458.315430 
-1225857.142822 -1347481.899414 
-1225775.142090 -1347525.216064 
-1225690.748779 -1347568.355713 
-1225609.584229 -1347613.247070 
-1225532.167236 -1347651.516113 
-1225482.582275 -1347677.083740 
-1225397.328369 -1347720.137939 
-1225312.397949 -1347763.112793 
-1225230.366699 -1347804.989014 
-1225133.015625 -1347853.353271 
-1225088.240234 -1347876.015625 
-1225002.076904 -1347918.544922 
-1224923.146240 -1347959.353027 
-1224841.664307 -1347999.691162 
-1224772.535889 -1348033.529053 
-1224690.065186 -1348073.708496 
-1224614.637939 -1348110.463867 
-1224532.887451 -1348149.739990 
-1224455.153076 -1348187.215576 
-1224380.684082 -1348222.530518 
-1224313.118164 -1348256.075439 
-1224243.513672 -1348289.034424 
-1224166.816895 -1348325.588379 
-1224092.329590 -1348360.531006 
-1224027.437012 -1348391.860352 
-1223959.822266 -1348423.543701 
-1223886.348145 -1348457.924805 
-1223817.903320 -1348489.376221 
-1223752.504150 -1348520.101318 
-1223681.477539 -1348551.992188 
-1223617.640869 -1348581.911621 
-1223553.108398 -1348611.025391 
-1223487.825195 -1348640.419922 
-1223426.729004 -1348668.026123 
-1223364.375488 -1348696.193848 
-1223301.326172 -1348725.979004 
-1223243.043701 -1348753.804932 
-1223179.829590 -1348783.663330 
-1223118.739502 -1348812.526855 
-1223059.370605 -1348842.006836 
-1222998.500244 -1348871.700439 
-1222937.690918 -1348902.468262 
-1222880.586426 -1348932.174072 
-1222821.675293 -1348961.409912 
-1222764.021484 -1348992.012939 
-1222706.318848 -1349022.542725 
-1222649.043457 -1349053.060303 
-1222593.733398 -1349082.894287 
-1222539.558594 -1349112.691650 
-1222484.449951 -1349142.879639 
-1222430.342285 -1349173.604736 
-1222375.209229 -1349205.178223 
-1222321.364014 -1349235.921631 
-1222268.287842 -1349265.621338 
-1222214.192383 -1349297.371826 
-1222161.903564 -1349326.284180 
-1222109.333984 -1349356.502686 
-1222055.781738 -1349385.036621 
-1222003.816406 -1349413.155518 
-1221951.234619 -1349440.615234 
-1221898.445313 -1349467.482910 
-1221845.887939 -1349492.202148 
-1221791.432373 -1349516.549072 
-1221737.697021 -1349539.003906 
-1221685.786621 -1349560.860596 
-1221631.196777 -1349580.477295 
-1221573.317139 -1349598.116455 
-1221520.784180 -1349614.315186 
-1221461.860840 -1349626.607666 
-1221405.427734 -1349637.075195 
-1221343.684570 -1349643.843994 
-1221253.096191 -1349645.198975 
-1221200.660889 -1349640.175781 
-1221144.374268 -1349635.756836 
-1221074.818604 -1349617.586670 
-1221022.926514 -1349598.885498 
-1220971.541016 -1349570.638428 
-1220927.559082 -1349537.746582 
-1220873.085205 -1349488.375244 
-1220830.848877 -1349444.863281 
-1220798.878662 -1349380.928955 
-1220768.617432 -1349329.177246 
-1220754.170410 -1349275.087891 
-1220737.849609 -1349223.031006 
-1220724.775879 -1349168.624268 
-1220720.143311 -1349106.008301 
-1220721.797363 -1349043.221436 
-1220731.276123 -1348983.980713 
-1220744.081299 -1348922.249756 
-1220776.606934 -1348825.496826 
-1220797.175781 -1348776.851807 
-1220838.423340 -1348708.931885 
-1220887.959473 -1348648.714600 
-1220936.262695 -1348609.279785 
-1221004.451172 -1348567.818604 
-1221064.003174 -1348541.939697 
-1221130.488770 -1348513.778076 
-1221199.104492 -1348489.156494 
-1221269.087402 -1348467.977295 
-1221340.535156 -1348449.611816 
-1221414.967529 -1348432.906494 
-1221492.555420 -1348419.350586 
-1221570.558350 -1348405.092773 
-1221653.627197 -1348391.420898 
-1221737.556641 -1348377.437744 
-1221823.091309 -1348361.531982 
-1221908.412354 -1348344.503174 
-1221999.257080 -1348320.632324 
-1222089.363281 -1348294.844971 
-1222181.471436 -1348266.750488 
-1222270.002930 -1348235.494385 
-1222362.568848 -1348199.550781 
-1222455.140869 -1348157.802734 
-1222502.479736 -1348136.818848 
-1222548.280518 -1348114.699707 
-1222594.392578 -1348093.374023 
-1222639.839355 -1348071.968994 
-1222727.711670 -1348029.177246 
-1222774.019043 -1348007.766113 
-1222821.425049 -1347985.933838 
-1222909.254639 -1347947.976074 
-1222956.190674 -1347927.425537 
-1223003.047363 -1347906.838379 
-1223050.917236 -1347885.671387 
-1223098.317139 -1347865.249023 
-1223145.894043 -1347843.911133 
-1223194.593994 -1347823.073730 
-1223242.903320 -1347801.644287 
-1223291.176025 -1347779.915771 
-1223342.213623 -1347757.875977 
-1223390.876953 -1347736.300049 
-1223441.102783 -1347713.515625 
-1223491.841309 -1347690.603027 
-1223543.354980 -1347667.122803 
-1223596.388428 -1347642.434082 
-1223647.261230 -1347617.678223 
-1223699.006836 -1347593.074951 
-1223748.127930 -1347570.418701 
-1223798.964111 -1347544.790039 
-1223847.889893 -1347521.199951 
-1223897.133057 -1347495.675049 
-1223950.508301 -1347468.154297 
-1224005.958740 -1347439.132080 
-1224054.695313 -1347413.265381 
-1224106.654541 -1347385.805664 
-1224151.674072 -1347361.428223 
-1224200.465576 -1347335.451660 
-1224250.013916 -1347308.968506 
-1224306.758301 -1347278.536377 
-1224351.790039 -1347253.994141 
-1224401.930420 -1347226.870117 
-1224457.997314 -1347196.437988 
-1224506.776611 -1347170.217285 
-1224558.650391 -1347143.868408 
-1224648.317139 -1347095.260010 
-1224705.342285 -1347065.334473 
-1224758.070557 -1347036.428223 
-1224806.172363 -1347010.848389 
-1224854.707520 -1346985.372314 
-1224912.166016 -1346955.104980 
-1224960.261719 -1346929.342041 
-1225015.925781 -1346900.570068 
-1225068.910400 -1346873.067627 
-1225118.116943 -1346847.561035 
-1225171.150391 -1346820.400391 
-1225228.010742 -1346790.560303 
-1225279.829590 -1346764.644775 
-1225326.454346 -1346738.356934 
-1225379.933350 -1346711.831055 
-1225431.764404 -1346684.792480 
-1225486.683838 -1346656.929932 
-1225541.267578 -1346628.811035 
-1225588.813965 -1346604.055176 
-1225639.894287 -1346577.297363 
-1225691.853516 -1346552.950439 
-1225744.069092 -1346524.801025 
-1225795.662109 -1346498.262939 
-1225854.005615 -1346469.857178 
-1225908.644287 -1346442.672119 
-1225957.100098 -1346416.909180 
-1226020.088379 -1346384.822998 
-1226066.597168 -1346360.860596 
-1226124.287598 -1346332.662354 
-1226224.055664 -1346284.249268 
-1226274.806396 -1346258.431396 
-1226327.607910 -1346231.112061 
-1226377.089111 -1346205.526123 
-1226431.538574 -1346180.593262 
-1226483.033936 -1346155.166016 
-1226540.797607 -1346127.828369 
-1226590.315430 -1346099.154053 
-1226640.413086 -1346076.278076 
-1226746.864502 -1346023.360596 
-1226797.041504 -1345999.166260 
-1226908.003418 -1345944.484863 
-1226958.528320 -1345919.063721 
-1227065.736572 -1345865.920410 
-1227121.492188 -1345840.267334 
-1227228.517334 -1345787.313232 
-1227278.938477 -1345763.552246 
-1227388.099854 -1345710.000000 
-1227439.302246 -1345687.020264 
-1227546.901123 -1345639.010010 
-1227599.562256 -1345613.961182 
-1227648.542969 -1345593.117676 
-1227705.439941 -1345562.935791 
-1227756.434814 -1345539.376221 
-1227815.181152 -1345512.502441 
-1227864.467041 -1345488.765869 
-1227917.201416 -1345463.662109 
-1227977.656738 -1345437.429199 
-1228035.615723 -1345409.468994 
-1228088.093750 -1345386.434326 
-1228136.775391 -1345362.740479 
-1228196.528809 -1345330.916748 
-1228288.276855 -1345287.996826 
-1228344.026367 -1345259.853516 
-1228398.066895 -1345232.882080 
-1228452.144043 -1345205.996094 
-1228505.269043 -1345178.640137 
-1228558.711426 -1345151.076660 
-1228611.268799 -1345123.647461 
-1228659.449951 -1345096.901855 
-1228711.195557 -1345072.731934 
-1228766.584961 -1345040.670166 
-1228855.232422 -1344991.317139 
-1228910.322754 -1344961.556396 
-1229014.955322 -1344901.754150 
-1229107.264893 -1344853.646240 
-1229159.163086 -1344827.498779 
-1229221.010010 -1344794.637451 
-1229310.420410 -1344744.295654 
-1229352.754395 -1344717.495117 
-1229441.365234 -1344671.260986 
-1229493.043701 -1344644.155273 
-1229583.815186 -1344593.624268 
-1229663.618652 -1344551.076660 
-1229708.497803 -1344526.284180 
-1229794.886963 -1344478.554688 
-1229886.775391 -1344433.291016 
-1229961.451904 -1344390.676270 
-1230012.336914 -1344361.110840 
-1230086.195557 -1344321.425781 
-1230168.873779 -1344278.249512 
-1230237.819092 -1344239.516602 
-1230320.472900 -1344193.850098 
-1230368.013184 -1344176.790771 
-1230441.023438 -1344135.299072 
-1230506.544678 -1344099.154053 
-1230579.719727 -1344063.570557 
-1230646.461670 -1344031.020508 
-1230704.304688 -1343999.984131 
-1230768.123047 -1343965.340576 
-1230825.319092 -1343935.878906 
-1230879.481689 -1343906.154785 
-1230944.166748 -1343876.662598 
-1230991.810791 -1343850.307617 
-1231043.770020 -1343826.137695 
-1231090.663330 -1343800.258789 
-1231150.154297 -1343771.029053 
-1231194.783203 -1343744.735107 
-1231251.631348 -1343716.689453 
-1231299.214355 -1343693.862305 
-1231345.533936 -1343668.068848 
-1231406.239502 -1343634.237061 
-1231456.276123 -1343612.325439 
-1231520.900146 -1343581.789551 
-1231577.626221 -1343546.682129 
-1231639.558594 -1343521.962891 
-1231693.068115 -1343490.883789 
-1231742.372314 -1343465.535889 
-1231789.424316 -1343438.973389 
-1231843.318359 -1343411.000977 
-1231894.484131 -1343382.406006 
-1231947.102539 -1343351.900635 
-1231990.388672 -1343326.571045 
-1232037.874023 -1343297.640381 
-1232087.703125 -1343277.675781 
-1232141.444580 -1343245.351563 
-1232191.981689 -1343213.247070 
-1232238.783447 -1343184.096680 
-1232282.344238 -1343158.052979 
-1232324.348633 -1343130.239258 
-1232368.177979 -1343100.557861 
-1232416.005127 -1343063.424072 
-1232451.686279 -1343020.296631 
-1232483.351318 -1342972.591553 
-1232520.643799 -1342928.475342 
-1232558.009521 -1342873.842773 
-1232580.165283 -1342815.096436 
-1232591.017334 -1342739.705811 
-1232594.062988 -1342674.025879 
-1232600.685303 -1342607.137451 
-1232591.481201 -1342536.031494 
-1232579.078857 -1342468.813477 
-1232554.518311 -1342394.057617 
-1232530.635254 -1342316.097412 
-1232501.637451 -1342241.353760 
-1232463.081543 -1342171.322021 
-1232421.486084 -1342098.739014 
-1232382.643311 -1342025.673828 
-1232333.119385 -1341954.677734 
-1232291.139404 -1341880.892334 
-1232240.846436 -1341808.315430 
-1232186.604492 -1341726.632080 
-1232143.184082 -1341651.241455 
-1232110.804932 -1341606.923828 
-1232082.423584 -1341565.584717 
-1232026.948730 -1341479.799805 
-1231997.694580 -1341437.746582 
-1231962.355225 -1341390.639648 
-1231928.938477 -1341347.670898 
-1231898.372070 -1341303.096924 
-1231863.917725 -1341258.834229 
-1231827.437012 -1341211.947021 
-1231795.857422 -1341167.794189 
-1231757.734863 -1341118.825684 
-1231724.495117 -1341074.752197 
-1231687.452881 -1341033.187256 
-1231652.052490 -1340992.348633 
-1231619.496338 -1340951.265869 
-1231590.205566 -1340908.547363 
-1231540.217773 -1340857.979736 
-1231507.533447 -1340818.355713 
-1231471.083252 -1340770.681152 
-1231434.553711 -1340726.754150 
-1231395.253174 -1340676.168213 
-1231355.714600 -1340630.788574 
-1231327.040283 -1340586.776123 
-1231293.092529 -1340536.159668 
-1231262.025635 -1340496.096191 
-1231224.928467 -1340443.508301 
-1231160.389893 -1340356.496582 
-1231130.391113 -1340314.998779 
-1231095.985596 -1340262.478027 
-1231062.251465 -1340218.300781 
-1231029.451172 -1340172.884521 
-1230994.947998 -1340123.500977 
-1230960.927002 -1340078.560791 
-1230929.609863 -1340036.843262 
-1230895.588867 -1339993.544922 
-1230862.672607 -1339950.515137 
-1230828.230469 -1339908.205566 
-1230796.473877 -1339869.112549 
-1230760.896484 -1339827.822266 
-1230730.781738 -1339785.811768 
-1230698.213379 -1339745.302734 
-1230635.981934 -1339668.966064 
-1230542.329590 -1339558.107910 
-1230483.912842 -1339479.976807 
-1230421.064941 -1339404.464111 
-1230358.912842 -1339329.116211 
-1230296.754639 -1339247.994385 
-1230238.289063 -1339170.473633 
-1230179.573242 -1339096.260986 
-1230122.523682 -1339025.191650 
-1230059.346191 -1338953.255615 
-1230004.957764 -1338879.305420 
-1229946.675293 -1338805.843506 
-1229891.737549 -1338734.304199 
-1229838.978760 -1338666.158447 
-1229781.605713 -1338591.408691 
-1229725.349609 -1338518.154297 
-1229670.002930 -1338447.652588 
-1229617.781250 -1338380.117188 
-1229553.804199 -1338305.928955 
-1229503.950684 -1338234.993896 
-1229445.381348 -1338169.423828 
-1229389.241211 -1338096.541748 
-1229326.735107 -1338026.296387 
-1229265.187256 -1337956.929932 
-1229203.413574 -1337888.558350 
-1229111.726563 -1337785.476074 
-1229047.480957 -1337716.787109 
-1228986.348145 -1337650.979004 
-1228951.899902 -1337614.376221 
-1228888.716309 -1337544.472656 
-1228822.902100 -1337474.672852 
-1228761.122314 -1337409.139404 
-1228697.084229 -1337342.824707 
-1228660.347168 -1337306.264648 
-1228597.133057 -1337238.851318 
-1228562.324707 -1337198.842773 
-1228495.637695 -1337130.489502 
-1228431.099121 -1337065.126953 
-1228367.567627 -1336996.743164 
-1228305.055420 -1336927.633057 
-1228266.230957 -1336889.907227 
-1228201.814453 -1336815.316162 
-1228137.025635 -1336744.820557 
-1228070.381348 -1336674.624023 
-1228033.741943 -1336635.903320 
-1228000.093262 -1336598.183594 
-1227964.344971 -1336559.194336 
-1227931.648438 -1336520.479736 
-1227897.590820 -1336479.116211 
-1227826.313965 -1336403.475342 
-1227757.612793 -1336324.343262 
-1227692.762939 -1336247.084961 
-1227654.951660 -1336204.018555 
-1227625.117676 -1336162.349854 
-1227587.092773 -1336121.718750 
-1227521.876709 -1336044.338379 
-1227489.656250 -1336005.147705 
-1227455.604736 -1335962.227783 
-1227419.075195 -1335926.784668 
-1227350.221436 -1335847.811279 
-1227320.356934 -1335806.209717 
-1227282.576172 -1335766.787109 
-1227245.753662 -1335726.485596 
-1227209.480469 -1335687.789307 
-1227176.790039 -1335648.256836 
-1227115.565674 -1335570.577393 
-1227077.308838 -1335528.280029 
-1227042.317383 -1335489.736328 
-1226979.481689 -1335414.797363 
-1226943.678467 -1335376.290283 
-1226876.521484 -1335302.657471 
-1226845.118896 -1335262.630615 
-1226777.974121 -1335193.917236 
-1226711.635010 -1335123.708496 
-1226647.596924 -1335057.485352 
-1226590.876953 -1334988.405762 
-1226527.522461 -1334927.700195 
-1226491.060059 -1334892.775879 
-1226420.649902 -1334831.636963 
-1226351.924316 -1334769.100342 
-1226281.886475 -1334711.525879 
-1226236.494629 -1334682.296143 
-1226174.257080 -1334628.658447 
-1226089.534180 -1334587.191162 
-1226018.690674 -1334526.259766 
-1225928.077881 -1334484.774170 
-1225884.053223 -1334457.241211 
-1225800.410645 -1334415.126953 
-1225754.408447 -1334392.806396 
-1225684.572021 -1334355.263672 
-1225637.111084 -1334332.198486 
-1225591.145508 -1334311.898193 
-1225537.837402 -1334304.207764 
-1225455.531494 -1334267.958984 
-1225370.912354 -1334233.364258 
-1225287.208740 -1334212.770996 
-1225197.255127 -1334187.246094 
-1225107.551758 -1334175.417480 
-1225024.067871 -1334155.056152 
-1224929.329102 -1334155.593262 
-1224843.464844 -1334150.484619 
-1224771.077148 -1334155.007324 
-1224650.715820 -1334162.050781 
-1224554.170410 -1334191.158447 
-1224467.958252 -1334220.876465 
-1224383.064453 -1334254.158936 
-1224299.360840 -1334287.856445 
-1224215.400879 -1334329.726563 
-1224125.782959 -1334365.474854 
-1224038.380615 -1334413.668213 
-1223950.728027 -1334455.397949 
-1223861.610596 -1334507.601318 
-1223778.718750 -1334556.868896 
-1223733.668701 -1334583.754883 
-1223687.361328 -1334608.876953 
-1223554.048340 -1334683.382568 
-1223507.838623 -1334717.073975 
-1223418.037598 -1334770.107422 
-1223372.273438 -1334794.851074 
-1223325.111572 -1334823.806152 
-1223280.531494 -1334854.989014 
-1223233.937256 -1334884.365234 
-1223184.498779 -1334913.631592 
-1223137.623779 -1334940.218506 
-1223089.766113 -1334970.620117 
-1223038.911621 -1334999.703369 
-1222992.134277 -1335026.906738 
-1222939.204590 -1335061.000977 
-1222889.613525 -1335092.122803 
-1222835.420410 -1335121.651611 
-1222774.281494 -1335162.398682 
-1222680.354492 -1335210.048828 
-1222625.026123 -1335237.008057 
-1222569.001953 -1335270.528564 
-1222523.567383 -1335295.009766 
-1222471.003906 -1335324.849854 
-1222419.832031 -1335354.573975 
-1222363.118164 -1335382.589111 
-1222311.641113 -1335407.192383 
-1222262.025635 -1335431.435547 
-1222212.007324 -1335459.395752 
-1222163.929932 -1335485.421143 
-1222108.461182 -1335514.260254 
-1222057.979004 -1335539.492188 
-1221998.201172 -1335569.924316 
-1221948.829834 -1335592.055664 
-1221898.201172 -1335617.708740 
-1221837.782471 -1335648.861084 
-1221787.416260 -1335669.777832 
-1221736.354248 -1335692.513428 
-1221685.688965 -1335714.760742 
-1221631.288330 -1335742.861328 
-1221580.507080 -1335765.389404 
-1221527.925293 -1335787.288818 
-1221469.032471 -1335814.467773 
-1221418.062012 -1335833.291016 
-1221366.047852 -1335855.581055 
-1221307.924072 -1335876.284180 
-1221254.548828 -1335899.294434 
-1221195.662109 -1335925.179443 
-1221140.492432 -1335949.166260 
-1221086.262695 -1335969.472656 
-1221032.283203 -1335990.859375 
-1220982.997314 -1336010.946045 
-1220927.052490 -1336034.139404 
-1220876.973145 -1336054.628906 
-1220817.915527 -1336079.580078 
-1220768.336670 -1336097.585449 
-1220704.884521 -1336126.564941 
-1220600.355713 -1336169.130859 
-1220551.826660 -1336187.734375 
-1220489.143555 -1336213.601074 
-1220386.036865 -1336255.037842 
-1220330.421631 -1336277.907715 
-1220283.284180 -1336296.151123 
-1220228.389160 -1336319.332275 
-1220179.017822 -1336339.602051 
-1220127.430908 -1336362.819824 
-1220069.825928 -1336387.899170 
-1220015.797607 -1336409.755859 
-1219953.547852 -1336435.384521 
-1219898.463623 -1336460.476074 
-1219850.233643 -1336481.356201 
-1219795.070068 -1336505.520020 
-1219746.516602 -1336527.474365 
-1219694.075195 -1336551.522217 
-1219644.990723 -1336574.166260 
-1219598.488037 -1336595.626221 
-1219546.528809 -1336618.807373 
-1219452.467529 -1336664.223633 
-1219400.636475 -1336688.454590 
-1219351.381104 -1336713.015137 
-1219303.883545 -1336736.263428 
-1219248.829834 -1336764.309082 
-1219203.639404 -1336786.904297 
-1219150.813477 -1336814.760742 
-1219106.630127 -1336838.790283 
-1219059.315674 -1336863.204346 
-1218965.486328 -1336914.138184 
-1218913.643066 -1336942.745361 
-1218863.624756 -1336970.729980 
-1218774.086182 -1337022.133789 
-1218725.624268 -1337049.575195 
-1218677.632324 -1337077.547607 
-1218631.727783 -1337106.228027 
-1218587.996094 -1337132.650146 
-1218539.186279 -1337161.605225 
-1218448.622314 -1337217.788086 
-1218362.635986 -1337272.329102 
-1218319.587891 -1337298.519287 
-1218266.652100 -1337330.581055 
-1218172.798340 -1337387.716064 
-1218082.093994 -1337444.368896 
-1217993.660156 -1337498.726807 
-1217946.992676 -1337528.292236 
-1217896.113770 -1337559.182129 
-1217848.774902 -1337586.141357 
-1217805.244629 -1337613.424072 
-1217760.048096 -1337642.214355 
-1217713.044922 -1337670.229492 
-1217664.869873 -1337699.282227 
-1217575.294678 -1337753.872070 
-1217531.239502 -1337779.665527 
-1217482.039063 -1337808.675537 
-1217434.138672 -1337836.568604 
-1217388.868896 -1337862.697754 
-1217335.115234 -1337894.265137 
-1217242.427246 -1337946.779785 
-1217151.594727 -1337998.464355 
-1217107.618896 -1338024.678955 
-1217059.529297 -1338051.296387 
-1217015.022461 -1338076.925049 
-1216969.362061 -1338101.839600 
-1216925.074951 -1338127.510986 
-1216878.645508 -1338152.456055 
-1216793.232910 -1338197.567139 
-1216708.058350 -1338241.066895 
-1216622.181885 -1338284.237061 
-1216576.887695 -1338307.003174 
-1216488.862793 -1338348.873291 
-1216360.273926 -1338408.687744 
-1216280.983154 -1338445.034180 
-1216202.900879 -1338478.914795 
-1216087.849609 -1338525.808105 
-1215971.357910 -1338568.129883 
-1215852.803223 -1338606.405029 
-1215739.827148 -1338639.211426 
-1215664.021484 -1338655.483398 
-1215592.714111 -1338668.959961 
-1215515.602295 -1338681.014404 
-1215440.986816 -1338687.905273 
-1215365.004150 -1338690.889893 
-1215295.173828 -1338687.770996 
-1215221.919434 -1338683.419189 
-1215155.830566 -1338672.500000 
-1215093.177979 -1338659.462891 
-1215030.610840 -1338641.860352 
-1214968.190186 -1338620.473633 
-1214906.685059 -1338594.527588 
-1214856.788818 -1338564.864502 
-1214789.918701 -1338526.339111 
-1214738.917725 -1338490.273438 
-1214695.692627 -1338448.684082 
-1214653.151123 -1338401.168213 
-1214613.850586 -1338347.591553 
-1214568.959229 -1338291.146240 
-1214532.087891 -1338230.623779 
-1214502.845947 -1338168.154297 
-1214480.067627 -1338105.318604 
-1214460.774414 -1338040.163574 
-1214432.814209 -1337964.333496 
-1214419.325439 -1337892.019043 
-1214418.409912 -1337821.389160 
-1214423.890869 -1337744.521484 
-1214431.837646 -1337677.517090 
-1214447.596924 -1337611.458740 
-1214468.660156 -1337537.130127 
-1214496.064941 -1337466.933594 
-1214527.260010 -1337402.102051 
-1214562.861816 -1337337.899170 
-1214605.269043 -1337279.079590 
-1214649.781982 -1337224.013672 
-1214698.140137 -1337168.941650 
-1214748.622314 -1337116.762695 
-1214799.763672 -1337068.996582 
-1214855.085938 -1337021.328125 
-1214907.832520 -1336977.279053 
-1214964.955322 -1336934.780273 
-1215022.694580 -1336899.379883 
-1215076.979248 -1336862.490234 
-1215135.829346 -1336826.998291 
-1215194.386475 -1336792.128906 
-1215255.574219 -1336756.667480 
-1215316.725342 -1336722.176514 
-1215381.843750 -1336688.302002 
-1215445.155518 -1336655.471191 
-1215510.975830 -1336623.952637 
-1215576.014893 -1336591.927490 
-1215642.286865 -1336561.367188 
-1215709.303467 -1336531.661377 
-1215776.661865 -1336505.050049 
-1215841.505615 -1336477.755127 
-1215909.254639 -1336451.668701 
-1215976.271240 -1336422.750244 
-1216042.866699 -1336393.062744 
-1216111.104004 -1336360.817871 
-1216177.504150 -1336327.059326 
-1216242.195313 -1336291.445313 
-1216304.921143 -1336252.480469 
-1216366.285889 -1336210.195313 
-1216424.861328 -1336166.085205 
-1216483.094971 -1336119.191895 
-1216539.601318 -1336068.245850 
-1216592.531006 -1336015.352783 
-1216638.246338 -1335962.630615 
-1216708.180420 -1335881.154785 
-1216750.496094 -1335828.884277 
-1216790.742676 -1335776.479492 
-1216835.011475 -1335723.323975 
-1216870.607178 -1335679.525146 
-1216908.687012 -1335632.680664 
-1216949.110596 -1335587.575684 
-1217008.107178 -1335525.875244 
-1217046.724121 -1335488.582764 
-1217088.411133 -1335449.337158 
-1217127.656738 -1335416.384277 
-1217186.573975 -1335372.078857 
-1217245.344727 -1335330.135498 
-1217304.896729 -1335292.739258 
-1217365.083496 -1335257.003174 
-1217412.263672 -1335230.446777 
-1217462.660400 -1335201.558838 
-1217516.285889 -1335170.876465 
-1217572.200195 -1335139.998779 
-1217637.001221 -1335103.933105 
-1217704.768555 -1335065.902100 
-1217773.677246 -1335029.580078 
-1217846.101563 -1334990.578613 
-1217922.206299 -1334950.435791 
-1217998.256104 -1334909.639893 
-1218076.460449 -1334869.191895 
-1218153.285400 -1334829.573975 
-1218232.454102 -1334789.010010 
-1218316.633789 -1334747.799072 
-1218394.648926 -1334709.267578 
-1218478.883545 -1334669.143066 
-1218566.475098 -1334627.279053 
-1218651.796143 -1334587.130127 
-1218738.771240 -1334546.822510 
-1218821.083252 -1334510.701904 
-1218907.490723 -1334473.659668 
-1218995.948975 -1334435.476074 
-1219042.897217 -1334414.901123 
-1219130.977051 -1334377.620850 
-1219215.236084 -1334341.280518 
-1219298.903076 -1334305.239258 
-1219381.520264 -1334269.289551 
-1219458.491699 -1334234.548340 
-1219538.514893 -1334199.477539 
-1219615.352051 -1334163.631592 
-1219687.263672 -1334129.439697 
-1219767.292969 -1334093.850098 
-1219837.092773 -1334060.579834 
-1219909.907715 -1334024.868164 
-1219981.532471 -1333989.974365 
-1220046.077148 -1333956.588135 
-1220122.816650 -1333920.534668 
-1220182.960693 -1333887.075195 
-1220251.191895 -1333853.646240 
-1220313.929932 -1333820.064697 
-1220375.184814 -1333786.544189 
-1220442.775146 -1333753.792725 
-1220502.552979 -1333718.953857 
-1220569.551270 -1333686.757813 
-1220630.085938 -1333650.496826 
-1220693.361084 -1333615.786133 
-1220759.517090 -1333579.128418 
-1220825.581543 -1333544.808350 
-1220893.513672 -1333512.416992 
-1220955.854980 -1333478.371582 
-1221015.242188 -1333447.316895 
-1221072.529785 -1333414.730225 
-1221133.864014 -1333384.487305 
-1221195.454590 -1333352.327881 
-1221255.848877 -1333321.578369 
-1221317.335693 -1333292.946777 
-1221371.394531 -1333262.777100 
-1221430.983154 -1333235.622559 
-1221485.652344 -1333207.204590 
-1221543.019287 -1333177.852783 
-1221596.522705 -1333154.421387 
-1221645.594971 -1333126.772461 
-1221700.862305 -1333100.496826 
-1221751.411621 -1333071.486816 
-1221800.892822 -1333046.553955 
-1221851.466553 -1333021.041260 
-1221900.416748 -1332993.660889 
-1221947.810547 -1332969.063721 
-1221992.250244 -1332944.069824 
-1222040.529053 -1332917.482910 
-1222101.893799 -1332884.041748 
-1222161.415283 -1332851.284180 
-1222216.298096 -1332815.902100 
-1222268.251221 -1332789.217529 
-1222322.798340 -1332752.364502 
-1222376.338379 -1332722.438965 
-1222430.525391 -1332689.138184 
-1222488.673584 -1332651.882324 
-1222538.612549 -1332622.878418 
-1222588.405029 -1332586.690674 
-1222633.790771 -1332557.967529 
-1222681.459229 -1332526.967773 
-1222725.770752 -1332498.616943 
-1222766.908447 -1332469.991455 
-1222809.181396 -1332439.284668 
-1222855.220215 -1332409.639893 
-1222900.685303 -1332378.280029 
-1222944.355957 -1332342.080078 
-1222992.036621 -1332311.489258 
-1223034.053223 -1332281.710205 
-1223073.683350 -1332248.867188 
-1223113.630859 -1332216.457520 
-1223152.870361 -1332184.938965 
-1223199.067871 -1332154.305420 
-1223239.534180 -1332116.268311 
-1223279.213135 -1332076.674805 
-1223316.822998 -1332032.900391 
-1223346.754639 -1331982.357178 
-1223373.402588 -1331926.558838 
-1223392.329590 -1331868.380127 
-1223398.384277 -1331817.122803 
-1223405.256836 -1331758.638916 
-1223399.727051 -1331695.156250 
-1223393.428223 -1331636.312256 
-1223370.814697 -1331568.978271 
-1223354.963867 -1331510.427246 
-1223332.618896 -1331450.490723 
-1223300.654785 -1331399.965820 
-1223268.147461 -1331337.416992 
-1223231.508057 -1331281.075439 
-1223192.817871 -1331213.704834 
-1223152.461426 -1331144.265137 
-1223110.737793 -1331075.356445 
-1223065.101807 -1331004.525146 
-1223012.220947 -1330927.077637 
-1222957.429688 -1330850.350342 
-1222899.073975 -1330775.710449 
-1222845.558350 -1330696.596680 
-1222813.759033 -1330652.315674 
-1222759.272949 -1330584.749756 
-1222732.356445 -1330541.842041 
-1222700.074951 -1330500.509033 
-1222671.443359 -1330459.151611 
-1222615.828125 -1330380.703125 
-1222588.203613 -1330337.593994 
-1222559.529297 -1330295.162354 
-1222508.363525 -1330221.114502 
-1222477.583496 -1330180.111084 
-1222445.430176 -1330138.411865 
-1222388.618652 -1330061.428223 
-1222352.278320 -1330013.179932 
-1222294.502441 -1329935.219727 
-1222260.865967 -1329894.783936 
-1222230.287354 -1329854.195557 
-1222194.221680 -1329817.043457 
-1222160.798828 -1329777.034912 
-1222126.710693 -1329736.800537 
-1222096.125977 -1329695.479736 
-1222029.145996 -1329616.884766 
-1221967.067139 -1329540.468750 
-1221932.185547 -1329498.909912 
-1221867.976563 -1329418.850098 
-1221835.560791 -1329380.220947 
-1221802.650635 -1329338.295898 
-1221769.862549 -1329297.615967 
-1221733.534424 -1329253.914795 
-1221698.359863 -1329215.517578 
-1221633.265869 -1329137.362061 
-1221595.961182 -1329095.491943 
-1221563.148682 -1329050.618896 
-1221528.090088 -1329009.249268 
-1221461.268799 -1328936.629639 
-1221422.468750 -1328895.638428 
-1221392.378418 -1328854.708252 
-1221355.153076 -1328816.005859 
-1221321.669189 -1328776.424561 
-1221285.695068 -1328736.104736 
-1221252.870361 -1328694.484863 
-1221182.673828 -1328619.252930 
-1221115.181152 -1328541.903076 
-1221081.849854 -1328504.036865 
-1221043.177979 -1328463.204346 
-1220979.469482 -1328390.517578 
-1220943.501465 -1328351.400146 
-1220906.892578 -1328314.821777 
-1220871.663086 -1328272.084961 
-1220838.081543 -1328230.965576 
-1220802.333252 -1328192.086182 
-1220733.613770 -1328116.256104 
-1220697.969238 -1328074.422607 
-1220633.662598 -1327999.837646 
-1220572.047607 -1327922.951660 
-1220535.750000 -1327883.931885 
-1220474.537842 -1327805.623779 
-1220416.578857 -1327729.622803 
-1220357.966797 -1327652.694092 
-1220302.076904 -1327577.193604 
-1220272.853271 -1327536.586914 
-1220215.614502 -1327466.524658 
-1220185.627930 -1327426.174316 
-1220130.836670 -1327352.303467 
-1220069.130127 -1327282.790527 
-1220013.960449 -1327213.973389 
-1219951.735107 -1327142.916260 
-1219889.583008 -1327073.970947 
-1219828.364746 -1327004.775391 
-1219768.226807 -1326932.802734 
-1219710.743896 -1326866.243896 
-1219658.259766 -1326800.997314 
-1219606.385986 -1326731.691895 
-1219549.672119 -1326665.517578 
-1219499.342529 -1326599.379883 
-1219438.405029 -1326533.150635 
-1219388.905518 -1326464.870605 
-1219328.437988 -1326395.443115 
-1219271.486084 -1326329.708252 
-1219214.448730 -1326261.989746 
-1219158.668701 -1326193.728027 
-1219106.007568 -1326126.412354 
-1219052.107422 -1326060.115967 
-1218997.645752 -1325987.581787 
-1218947.358887 -1325919.320068 
-1218897.725098 -1325849.782715 
-1218847.944824 -1325781.636963 
-1218795.723145 -1325715.358887 
-1218749.366943 -1325646.352539 
-1218697.499268 -1325576.540527 
-1218650.093262 -1325509.829102 
-1218598.140137 -1325444.472656 
-1218545.302002 -1325377.749023 
-1218493.098633 -1325308.944092 
-1218439.784424 -1325243.990479 
-1218387.318604 -1325179.659424 
-1218305.073730 -1325083.889160 
-1218249.501221 -1325016.787109 
-1218197.114746 -1324952.639160 
-1218141.835205 -1324892.250977 
-1218084.974854 -1324826.333008 
-1218029.347412 -1324762.233887 
-1217973.353760 -1324697.988281 
-1217919.178955 -1324637.624512 
-1217867.561523 -1324574.422607 
-1217818.342773 -1324510.158691 
-1217767.207520 -1324444.820557 
-1217717.158691 -1324380.501709 
-1217667.750732 -1324315.981445 
-1217618.770020 -1324247.438965 
-1217569.844238 -1324184.084473 
-1217522.914307 -1324117.141113 
-1217476.429932 -1324056.832275 
-1217435.206787 -1323998.739014 
-1217395.503418 -1323940.413818 
-1217354.719727 -1323883.309326 
-1217313.844482 -1323824.355469 
-1217274.476807 -1323768.459473 
-1217233.961670 -1323710.598145 
-1217196.956055 -1323659.255371 
-1217156.648438 -1323605.391846 
-1217117.012207 -1323558.052979 
-1217081.587402 -1323505.758057 
-1217049.928467 -1323454.903564 
-1217011.189453 -1323412.612305 
-1216979.976074 -1323363.436279 
-1216947.444336 -1323321.767578 
-1216916.468994 -1323274.941406 
-1216874.940674 -1323218.666992 
-1216846.724121 -1323174.648438 
-1216807.008545 -1323115.090332 
-1216767.317383 -1323060.482178 
-1216738.594238 -1323018.758545 
-1216700.276367 -1322967.464600 
-1216663.026611 -1322911.892090 
-1216623.549072 -1322860.329590 
-1216582.258789 -1322810.012207 
-1216541.224854 -1322758.028564 
-1216497.877686 -1322705.068359 
-1216445.533936 -1322654.702148 
-1216393.861572 -1322606.582031 
-1216334.297363 -1322557.937012 
-1216288.136475 -1322519.826660 
-1216241.200439 -1322487.032471 
-1216187.373535 -1322455.678711 
-1216135.609619 -1322425.252686 
-1216081.471436 -1322401.442871 
-1216016.670410 -1322388.369141 
-1215961.903564 -1322372.060547 
-1215896.266357 -1322362.172852 
-1215830.629150 -1322357.326660 
-1215763.331787 -1322358.950195 
-1215692.225830 -1322368.972168 
-1215618.580811 -1322384.206543 
-1215539.949219 -1322402.382813 
-1215467.549316 -1322421.462402 
-1215386.561768 -1322442.275391 
-1215308.894531 -1322465.755615 
-1215232.246582 -1322494.826660 
-1215144.880859 -1322521.706543 
-1215053.297607 -1322554.293213 
-1214965.144531 -1322586.422119 
-1214875.947754 -1322620.241699 
-1214785.121338 -1322658.742676 
-1214735.432617 -1322682.851563 
-1214645.649902 -1322724.770508 
-1214594.661133 -1322747.939453 
-1214548.793213 -1322771.614990 
-1214500.850098 -1322794.777832 
-1214451.869385 -1322818.081055 
-1214400.496094 -1322849.019775 
-1214352.955811 -1322868.300781 
-1214256.556885 -1322924.343262 
-1214206.978027 -1322949.154053 
-1214151.582520 -1322976.162109 
-1214103.364746 -1323007.534180 
-1214054.261963 -1323035.640869 
-1213952.040283 -1323090.273438 
-1213900.245850 -1323119.539795 
-1213851.545898 -1323142.379150 
-1213795.295898 -1323164.852295 
-1213744.569580 -1323193.001709 
-1213694.624512 -1323218.337402 
-1213640.156738 -1323242.989502 
-1213590.571777 -1323266.420898 
-1213537.074463 -1323287.069092 
-1213483.821289 -1323311.770020 
-1213431.337158 -1323335.659180 
-1213378.572266 -1323361.922607 
-1213324.165527 -1323381.990967 
-1213276.625244 -1323405.770264 
-1213223.311035 -1323428.951416 
-1213169.679443 -1323453.524170 
-1213115.596191 -1323478.640137 
-1213060.737793 -1323501.900635 
-1213011.824219 -1323521.590576 
-1212960.048096 -1323547.207031 
-1212911.079590 -1323569.820557 
-1212854.054443 -1323593.148193 
-1212803.755371 -1323621.175537 
-1212750.831787 -1323646.511230 
-1212702.437012 -1323667.592773 
-1212655.232422 -1323692.464600 
-1212597.065918 -1323718.264160 
-1212543.739502 -1323745.162354 
-1212493.312256 -1323764.278564 
-1212442.823975 -1323789.638672 
-1212385.304443 -1323814.107666 
-1212328.407471 -1323836.666260 
-1212276.222412 -1323859.212646 
-1212222.755615 -1323878.103027 
-1212169.307129 -1323902.492676 
-1212114.259521 -1323925.838623 
-1212054.280273 -1323950.075684 
-1212000.514404 -1323969.527588 
-1211947.249023 -1323992.940674 
-1211891.853516 -1324019.332275 
-1211838.099854 -1324044.375000 
-1211785.988037 -1324066.945801 
-1211724.629395 -1324095.595703 
-1211674.324219 -1324116.463623 
-1211619.319336 -1324139.803467 
-1211572.450439 -1324159.163818 
-1211519.294922 -1324184.359131 
-1211465.284912 -1324207.003174 
-1211414.949219 -1324230.837402 
-1211363.966553 -1324246.749268 
-1211311.909668 -1324270.705566 
-1211212.605469 -1324313.009033 
-1211118.873779 -1324348.769531 
-1211065.303223 -1324369.246826 
-1210970.698730 -1324408.773193 
-1210876.948730 -1324438.851318 
-1210788.392822 -1324474.910889 
-1210705.525391 -1324510.152588 
-1210619.313232 -1324549.978027 
-1210537.745850 -1324585.769043 
-1210457.435791 -1324623.616943 
-1210382.039063 -1324653.688965 
-1210310.176270 -1324683.864746 
-1210241.053955 -1324712.972412 
-1210177.552979 -1324742.012939 
-1210114.094727 -1324765.798340 
-1210056.239502 -1324787.667236 
-1210000.459473 -1324812.520752 
-1209945.125000 -1324833.278809 
-1209894.203369 -1324855.227051 
-1209847.334473 -1324879.750977 
-1209799.910156 -1324897.518311 
-1209739.482300 -1324933.187256 
-1209675.261108 -1324959.176025 
-1209615.944092 -1324987.441406 
-1209559.599487 -1325016.878662 
-1209506.550781 -1325047.890625 
-1209448.628418 -1325079.970703 
-1209400.932495 -1325108.608398 
-1209354.353516 -1325132.619629 
-1209308.543579 -1325163.295898 
-1209262.474243 -1325190.682373 
-1209219.764893 -1325218.148193 
