-1205969.258301 -1319856.350098 
-1206018.632690 -1319830.465088 
-1206067.662231 -1319805.843506 
-1206125.447266 -1319770.931396 
-1206189.943115 -1319733.614502 
-1206234.352295 -1319704.812012 
-1206278.505127 -1319676.906738 
-1206321.251099 -1319649.971924 
-1206364.851563 -1319625.374756 
-1206411.589233 -1319594.710693 
-1206459.541504 -1319558.083496 
-1206516.053955 -1319517.580566 
-1206565.333740 -1319477.694092 
-1206615.391724 -1319432.662354 
-1206665.645020 -1319381.685791 
-1206726.671021 -1319320.821533 
-1206783.693115 -1319263.302002 
-1206836.131470 -1319208.950195 
-1206888.746826 -1319158.248291 
-1206945.704834 -1319111.562500 
-1206997.593872 -1319068.050537 
-1207056.566040 -1319026.809082 
-1207112.986938 -1318991.182861 
-1207175.843994 -1318950.545654 
-1207245.210449 -1318906.246338 
-1207318.690674 -1318861.904297 
-1207394.627563 -1318817.507324 
-1207475.688354 -1318772.524414 
-1207552.537720 -1318727.407227 
-1207635.463135 -1318683.577881 
-1207725.676147 -1318636.715088 
-1207807.499878 -1318593.410645 
-1207892.866699 -1318550.148926 
-1207940.086548 -1318528.048096 
-1207986.534302 -1318505.404053 
-1208036.140625 -1318482.735596 
-1208126.811401 -1318442.775879 
-1208223.146240 -1318400.191650 
-1208269.667236 -1318380.703125 
-1208319.984619 -1318360.793457 
-1208369.212524 -1318340.908203 
-1208471.235840 -1318300.954590 
-1208520.073120 -1318280.532227 
-1208575.859253 -1318259.169922 
-1208626.490967 -1318239.193115 
-1208673.509399 -1318221.688232 
-1208722.810547 -1318203.182373 
-1208774.681274 -1318182.833252 
-1208831.431763 -1318160.769043 
-1208886.216919 -1318140.383301 
-1208940.046875 -1318118.837891 
-1208990.739624 -1318100.148926 
-1209045.933716 -1318078.243408 
-1209100.157349 -1318056.795654 
-1209156.657593 -1318034.450684 
-1209212.523071 -1318012.197266 
-1209264.387695 -1317991.829834 
-1209319.563477 -1317969.686279 
-1209375.459473 -1317946.651611 
-1209431.901733 -1317923.372803 
-1209485.447876 -1317902.626953 
-1209590.574829 -1317858.925781 
-1209641.929810 -1317837.941895 
-1209690.901367 -1317818.685303 
-1209749.464600 -1317793.013916 
-1209800.264160 -1317771.187744 
-1209859.285156 -1317745.736084 
-1209911.232178 -1317723.336182 
-1209962.050049 -1317699.599609 
-1210030.055420 -1317668.563232 
-1210121.089355 -1317625.167236 
-1210172.670166 -1317599.398193 
-1210219.368164 -1317574.300537 
-1210272.297852 -1317546.914063 
-1210327.046387 -1317517.977295 
-1210376.869385 -1317490.456543 
-1210425.923340 -1317463.338623 
-1210483.473389 -1317434.475098 
-1210533.082764 -1317408.272705 
-1210586.506836 -1317381.429443 
-1210633.094971 -1317355.611572 
-1210684.651367 -1317329.158936 
-1210736.354248 -1317302.694092 
-1210786.226074 -1317276.906738 
-1210841.768066 -1317247.756348 
-1210890.406982 -1317224.453125 
-1210938.343994 -1317201.333008 
-1210989.625732 -1317176.345215 
-1211037.007324 -1317154.787598 
-1211085.682861 -1317131.984863 
-1211132.478516 -1317110.091553 
-1211183.198730 -1317085.018311 
-1211235.133545 -1317059.127197 
-1211282.179443 -1317034.340820 
-1211379.683105 -1316983.120117 
-1211425.734131 -1316957.735596 
-1211475.050537 -1316928.878174 
-1211567.268555 -1316877.138672 
-1211615.614502 -1316851.900635 
-1211700.300781 -1316805.050049 
-1211793.544189 -1316757.564697 
-1211871.699707 -1316717.708740 
-1211990.077393 -1316667.110596 
-1212108.485596 -1316613.765869 
-1212185.554688 -1316578.780518 
-1212267.372314 -1316539.699707 
-1212346.333496 -1316505.935059 
-1212419.825928 -1316468.648682 
-1212498.048584 -1316432.741699 
-1212577.815430 -1316395.803223 
-1212660.347168 -1316354.921875 
-1212736.805908 -1316319.204102 
-1212817.567627 -1316279.348145 
-1212898.927490 -1316241.506348 
-1212973.140137 -1316204.311523 
-1213045.594971 -1316168.624268 
-1213130.140869 -1316126.729736 
-1213216.169922 -1316083.199463 
-1213289.711182 -1316048.104248 
-1213362.996094 -1316012.673340 
-1213409.895508 -1315989.565430 
-1213482.863037 -1315951.845703 
-1213557.808105 -1315912.624512 
-1213637.538330 -1315870.528564 
-1213712.709229 -1315833.596191 
-1213788.411133 -1315793.233643 
-1213870.997803 -1315750.008545 
-1213937.904541 -1315712.581787 
-1214014.985840 -1315672.805176 
-1214088.008301 -1315630.806885 
-1214166.566650 -1315588.991699 
-1214241.456787 -1315548.806152 
-1214315.278809 -1315506.466064 
-1214386.885254 -1315469.692383 
-1214463.765137 -1315425.112305 
-1214534.047119 -1315381.557617 
-1214614.003174 -1315338.558350 
-1214686.439697 -1315296.724854 
-1214766.542236 -1315250.777588 
-1214843.629639 -1315207.344971 
-1214923.713867 -1315162.313232 
-1214966.908447 -1315135.067139 
-1215051.204102 -1315090.804443 
-1215136.958496 -1315038.350830 
-1215220.692627 -1314993.227539 
-1215267.842285 -1314969.863281 
-1215361.293213 -1314925.185547 
-1215444.923584 -1314884.841309 
-1215497.932617 -1314866.024170 
-1215584.236328 -1314825.777588 
-1215679.170410 -1314796.645508 
-1215769.301025 -1314763.753662 
-1215855.659668 -1314735.805664 
-1215908.528320 -1314723.159180 
-1216003.480713 -1314700.045166 
-1216095.192139 -1314679.586182 
-1216188.691895 -1314664.815674 
-1216278.639404 -1314649.556885 
-1216372.865479 -1314645.809326 
-1216466.493408 -1314639.443359 
-1216561.927979 -1314641.762695 
-1216650.172607 -1314645.540771 
-1216739.741699 -1314651.369629 
-1216789.680664 -1314659.975586 
-1216871.858398 -1314673.513184 
-1216957.960693 -1314698.275146 
-1217036.445801 -1314723.806152 
-1217121.064941 -1314754.366455 
-1217199.031250 -1314793.648682 
-1217274.971191 -1314835.341797 
-1217350.728027 -1314883.028564 
-1217415.248291 -1314934.853516 
-1217480.739014 -1314989.132080 
-1217541.877930 -1315045.382080 
-1217601.747314 -1315103.609619 
-1217664.644043 -1315163.063965 
-1217723.787109 -1315225.454102 
-1217788.820068 -1315284.932861 
-1217823.713867 -1315320.900879 
-1217888.545410 -1315374.428711 
-1217929.274170 -1315410.463867 
-1217993.367188 -1315469.674072 
-1218059.193604 -1315532.589111 
-1218126.472656 -1315596.602783 
-1218195.466797 -1315668.917236 
-1218265.345947 -1315739.809570 
-1218328.773682 -1315802.395020 
-1218365.437500 -1315839.425049 
-1218432.118408 -1315907.528076 
-1218500.044434 -1315979.189453 
-1218538.405029 -1316019.008789 
-1218603.370850 -1316090.780029 
-1218665.028564 -1316166.707764 
-1218728.535645 -1316248.287354 
-1218793.684570 -1316330.898438 
-1218829.384033 -1316379.390869 
-1218887.593262 -1316463.912354 
-1218947.151367 -1316553.011475 
-1218980.574219 -1316604.311523 
-1219009.791748 -1316647.847900 
-1219065.547363 -1316738.436279 
-1219125.941650 -1316834.932861 
-1219153.712646 -1316883.382568 
-1219185.676758 -1316929.635010 
-1219242.836182 -1317025.643311 
-1219274.135010 -1317075.307617 
-1219304.115479 -1317125.844727 
-1219333.735840 -1317176.204834 
-1219362.568848 -1317225.710449 
-1219392.097656 -1317280.031738 
-1219420.924561 -1317328.029785 
-1219449.873535 -1317373.677979 
-1219478.407471 -1317425.716553 
-1219511.763184 -1317478.347168 
-1219538.789551 -1317529.476318 
-1219566.377441 -1317576.314697 
-1219594.410889 -1317627.956543 
-1219624.104492 -1317677.626953 
-1219657.521240 -1317729.067383 
-1219692.280762 -1317779.824219 
-1219758.076660 -1317871.981201 
-1219794.716064 -1317923.793945 
-1219829.542725 -1317975.545654 
-1219862.922852 -1318023.146973 
-1219896.046631 -1318070.766602 
-1219931.593506 -1318116.109619 
-1219971.003906 -1318167.165527 
-1220003.224365 -1318213.430176 
-1220041.682617 -1318259.835205 
-1220075.355713 -1318306.447754 
-1220110.963623 -1318357.766113 
-1220147.847168 -1318406.838379 
-1220182.576172 -1318454.213867 
-1220219.740479 -1318495.003662 
-1220253.926270 -1318540.871582 
-1220287.239258 -1318587.624512 
-1220323.585693 -1318636.794434 
-1220362.159912 -1318688.320313 
-1220398.378174 -1318732.924805 
-1220432.765381 -1318778.835449 
-1220469.050781 -1318827.236328 
-1220502.729980 -1318877.260742 
-1220538.392822 -1318923.928223 
-1220572.084229 -1318972.872314 
-1220604.231445 -1319020.089111 
-1220640.211670 -1319067.299805 
-1220679.060547 -1319114.632568 
-1220713.209717 -1319161.605225 
-1220749.495117 -1319209.652100 
-1220783.253662 -1319257.802734 
-1220824.415771 -1319302.803955 
-1220858.223145 -1319350.881348 
-1220890.870850 -1319397.689209 
-1220928.157227 -1319444.381104 
-1220964.351074 -1319490.853271 
-1221000.428955 -1319539.479980 
-1221032.924072 -1319586.489258 
-1221066.261475 -1319636.226807 
-1221101.375000 -1319683.291016 
-1221132.338135 -1319729.873047 
-1221171.272461 -1319777.669678 
-1221202.498047 -1319827.828369 
-1221238.276855 -1319873.909912 
-1221271.376221 -1319921.560059 
-1221307.026855 -1319971.486816 
-1221342.555420 -1320017.330322 
-1221375.599854 -1320064.888916 
-1221409.120361 -1320110.714111 
-1221446.418945 -1320163.936768 
-1221481.624023 -1320213.027344 
-1221512.019531 -1320260.866699 
-1221548.024170 -1320306.899414 
-1221583.064453 -1320356.392822 
-1221616.127197 -1320404.848633 
-1221649.006836 -1320449.874268 
-1221684.675781 -1320498.336182 
-1221721.364014 -1320547.927246 
-1221755.879395 -1320593.685303 
-1221789.174072 -1320642.922363 
-1221823.817627 -1320688.259277 
-1221858.156006 -1320735.689697 
-1221893.574707 -1320784.969482 
-1221928.700439 -1320831.490479 
-1221966.395752 -1320877.333984 
-1221998.195068 -1320925.386963 
-1222035.463135 -1320971.071777 
-1222074.421875 -1321020.888672 
-1222108.638184 -1321062.307129 
-1222144.221680 -1321107.967529 
-1222180.983154 -1321155.178223 
-1222216.243164 -1321201.931152 
-1222251.100342 -1321251.125488 
-1222286.635010 -1321293.557129 
-1222324.678223 -1321340.499268 
-1222359.773438 -1321387.178955 
-1222395.491211 -1321432.717285 
-1222435.164063 -1321477.840576 
-1222470.375244 -1321522.939453 
-1222507.899658 -1321566.787109 
-1222545.857422 -1321614.357910 
-1222581.562988 -1321657.088623 
-1222622.804443 -1321704.720459 
-1222656.532471 -1321747.310791 
-1222695.137207 -1321796.541748 
-1222732.478516 -1321844.533691 
-1222771.443359 -1321889.199219 
-1222809.266846 -1321941.597900 
-1222844.124023 -1321983.760986 
-1222884.687988 -1322029.323730 
-1222923.665039 -1322073.586426 
-1222963.490479 -1322117.946777 
-1223000.782959 -1322162.832031 
-1223037.233154 -1322204.927979 
-1223078.254883 -1322252.993164 
-1223116.230957 -1322300.179443 
-1223154.304688 -1322346.523438 
-1223189.924805 -1322386.257324 
-1223230.769531 -1322431.258545 
-1223268.300049 -1322475.124512 
-1223308.674805 -1322519.759521 
-1223346.437256 -1322564.913330 
-1223384.651367 -1322607.015381 
-1223429.353516 -1322651.333008 
-1223464.937012 -1322696.773682 
-1223505.568115 -1322742.507324 
-1223547.639648 -1322787.746582 
-1223584.425537 -1322835.012207 
-1223624.952881 -1322877.163086 
-1223664.619629 -1322918.966064 
-1223704.133789 -1322963.472900 
-1223739.589111 -1323007.833252 
-1223781.361572 -1323050.478516 
-1223820.710938 -1323095.357666 
-1223861.036865 -1323142.177734 
-1223899.287598 -1323184.420166 
-1223934.926025 -1323227.004395 
-1223977.174561 -1323272.133789 
-1224015.095703 -1323311.733398 
-1224056.245605 -1323361.776123 
-1224097.157471 -1323409.389648 
-1224132.911865 -1323450.496826 
-1224172.871582 -1323495.864258 
-1224210.109131 -1323534.761963 
-1224251.295654 -1323580.428467 
-1224289.100830 -1323625.466309 
-1224324.373047 -1323667.452393 
-1224367.866699 -1323721.419678 
-1224405.922119 -1323762.691650 
-1224442.073242 -1323807.100830 
-1224478.883545 -1323852.053223 
-1224515.883057 -1323898.513184 
-1224559.517090 -1323945.632324 
-1224598.103516 -1323992.867432 
-1224634.803955 -1324034.798584 
-1224671.406738 -1324076.125488 
-1224713.112061 -1324127.456055 
-1224745.668213 -1324169.277344 
-1224781.160156 -1324217.037354 
-1224822.273438 -1324260.048828 
-1224856.739990 -1324297.854004 
-1224893.147461 -1324354.812012 
-1224927.241699 -1324398.647461 
-1225002.009766 -1324487.838135 
-1225040.779297 -1324537.301025 
-1225079.536621 -1324579.165039 
-1225153.102295 -1324673.543701 
-1225192.030518 -1324725.356445 
-1225224.196045 -1324769.863281 
-1225261.085693 -1324815.114746 
-1225332.362549 -1324902.193604 
-1225366.108887 -1324948.470459 
-1225406.831543 -1324999.648438 
-1225439.882080 -1325045.583496 
-1225520.839111 -1325140.657959 
-1225556.770508 -1325192.031250 
-1225627.192871 -1325280.581055 
-1225665.962402 -1325331.685791 
-1225698.628418 -1325374.569092 
-1225737.098877 -1325420.607910 
-1225805.287354 -1325499.495850 
-1225846.162598 -1325546.187744 
-1225879.115479 -1325594.655762 
-1225958.369629 -1325694.643555 
-1226039.528076 -1325787.508545 
-1226075.526611 -1325837.276611 
-1226114.723389 -1325883.931885 
-1226149.043457 -1325927.132568 
-1226186.287109 -1325972.219238 
-1226225.557129 -1326016.158447 
-1226262.550537 -1326060.537109 
-1226303.120605 -1326107.839355 
-1226338.246338 -1326148.812256 
-1226374.427979 -1326195.528564 
-1226408.821289 -1326241.994629 
-1226492.164795 -1326330.788574 
-1226526.356689 -1326374.581299 
-1226562.849609 -1326410.616455 
-1226600.892822 -1326449.941406 
-1226636.860840 -1326495.333252 
-1226685.823242 -1326535.842285 
-1226714.930908 -1326581.246338 
-1226753.480713 -1326626.021729 
-1226823.072998 -1326702.352295 
-1226858.601563 -1326741.506348 
-1226931.312744 -1326817.678223 
-1226965.248291 -1326855.635986 
-1227036.311523 -1326935.219727 
-1227104.567139 -1327006.398926 
-1227170.979492 -1327072.554932 
-1227238.966553 -1327151.149902 
-1227305.702393 -1327220.430908 
-1227374.385254 -1327290.615234 
-1227436.073486 -1327362.795410 
-1227503.065674 -1327437.557373 
-1227535.548584 -1327475.625000 
-1227609.816162 -1327548.641357 
-1227638.179199 -1327590.157471 
-1227672.206299 -1327627.901611 
-1227707.380859 -1327666.134033 
-1227745.057861 -1327708.815918 
-1227811.708252 -1327781.014404 
-1227846.345703 -1327822.854004 
-1227910.908691 -1327903.963623 
-1227945.424072 -1327946.029053 
-1227980.696289 -1327988.472900 
-1228013.087646 -1328028.896484 
-1228044.331543 -1328071.126709 
-1228080.775635 -1328115.383301 
-1228139.882080 -1328196.914063 
-1228178.578369 -1328242.922363 
-1228209.504883 -1328286.184082 
-1228241.261475 -1328333.260498 
-1228267.000000 -1328380.739746 
-1228327.241699 -1328464.931641 
-1228362.434570 -1328512.435303 
-1228392.036621 -1328560.073242 
-1228426.338379 -1328607.595215 
-1228452.345459 -1328654.677734 
-1228485.090820 -1328704.781494 
-1228513.697998 -1328753.676758 
-1228544.154541 -1328802.694092 
-1228570.930664 -1328851.278076 
-1228601.497070 -1328902.889404 
-1228629.329102 -1328958.901367 
-1228655.171387 -1329010.842285 
-1228683.119385 -1329059.011230 
-1228711.287109 -1329107.143555 
-1228737.721436 -1329159.249268 
-1228757.087891 -1329212.868652 
-1228781.965820 -1329266.146240 
-1228804.878418 -1329321.822510 
-1228826.783936 -1329379.885254 
-1228845.411865 -1329436.885986 
-1228862.629883 -1329496.193848 
-1228877.766602 -1329545.266113 
-1228894.648926 -1329595.034180 
-1228908.528320 -1329651.741943 
-1228919.795410 -1329705.465088 
-1228932.032959 -1329758.083496 
-1228940.474121 -1329812.435303 
-1228951.790039 -1329870.791016 
-1228959.138672 -1329921.773682 
-1228962.764160 -1329980.721436 
-1228967.335693 -1330032.314453 
-1228976.405518 -1330083.168945 
-1228973.744385 -1330143.813477 
-1228976.484863 -1330200.374756 
-1228976.765625 -1330251.937256 
-1228974.678223 -1330308.040771 
-1228970.326416 -1330364.711914 
-1228959.950439 -1330471.712646 
-1228952.809326 -1330529.036865 
-1228940.187256 -1330582.052002 
-1228936.964600 -1330632.961426 
-1228924.470703 -1330737.313232 
-1228910.579102 -1330793.587646 
-1228883.943359 -1330890.194092 
-1228868.391602 -1330938.149414 
-1228851.460449 -1330987.557373 
-1228838.191406 -1331036.049805 
-1228803.474609 -1331129.012451 
-1228781.495850 -1331177.828369 
-1228762.983887 -1331224.416504 
-1228720.747559 -1331313.106689 
-1228674.330322 -1331402.877197 
-1228619.435303 -1331489.138184 
-1228560.841553 -1331573.513184 
-1228495.814697 -1331649.703369 
-1228461.348145 -1331690.780029 
-1228389.204590 -1331764.101563 
-1228353.071777 -1331798.714600 
-1228313.478271 -1331831.905518 
-1228188.893311 -1331922.554932 
-1228103.804199 -1331984.993896 
-1228061.171143 -1332014.974365 
-1228012.916748 -1332045.919189 
-1227968.116943 -1332077.962646 
-1227922.010986 -1332104.195557 
-1227878.004639 -1332131.942139 
-1227784.810059 -1332193.496094 
-1227691.047852 -1332252.980957 
-1227644.001953 -1332275.997314 
-1227601.222412 -1332305.709229 
-1227552.308838 -1332334.194336 
-1227505.494873 -1332356.136475 
-1227461.476318 -1332383.004150 
-1227416.267578 -1332408.016357 
-1227324.092285 -1332454.451904 
-1227275.483887 -1332482.906494 
-1227226.582520 -1332504.494629 
-1227178.895752 -1332525.234375 
-1227129.078857 -1332547.756348 
-1227084.022705 -1332569.490967 
-1226994.667236 -1332612.233887 
-1226945.491211 -1332633.596191 
-1226896.663086 -1332656.759033 
-1226805.085938 -1332696.755371 
-1226758.540527 -1332716.842041 
-1226709.541504 -1332737.374268 
-1226663.057129 -1332759.438477 
-1226614.259521 -1332778.139648 
-1226568.446533 -1332799.886475 
-1226522.810547 -1332821.212158 
-1226473.268311 -1332839.199219 
-1226379.207031 -1332880.690918 
-1226288.746826 -1332920.327148 
-1226200.001709 -1332959.316406 
-1226109.956543 -1333004.390869 
-1226022.523682 -1333040.975342 
-1225935.402100 -1333077.700195 
-1225886.110107 -1333097.518311 
-1225802.351563 -1333133.583984 
-1225714.186279 -1333173.513184 
-1225630.897705 -1333209.731445 
-1225547.511475 -1333244.844971 
-1225460.115234 -1333286.104736 
-1225386.769287 -1333323.159180 
-1225303.419678 -1333361.232910 
-1225220.985596 -1333398.250732 
-1225143.928711 -1333431.020508 
-1225064.949219 -1333468.380127 
-1224987.678711 -1333506.936035 
-1224903.315918 -1333546.407471 
-1224818.440430 -1333581.429443 
-1224773.433105 -1333603.786621 
-1224698.610107 -1333640.609131 
-1224616.243164 -1333681.270752 
-1224541.914551 -1333719.368896 
-1224461.458008 -1333749.721680 
-1224392.573730 -1333777.083740 
-1224316.462891 -1333797.005615 
-1224239.808838 -1333815.889893 
-1224167.769043 -1333830.861816 
-1224101.375000 -1333843.654785 
-1224027.638428 -1333854.390869 
-1223957.332031 -1333863.448486 
-1223885.066406 -1333864.504395 
-1223830.549805 -1333850.179443 
-1223753.712646 -1333857.137451 
-1223688.911621 -1333841.481934 
-1223627.968018 -1333824.996338 
-1223569.386475 -1333800.478516 
-1223516.395752 -1333778.194580 
-1223472.731201 -1333741.115723 
-1223435.609619 -1333698.726807 
-1223399.019043 -1333659.230957 
-1223369.941895 -1333613.656006 
-1223341.926758 -1333548.519287 
-1223325.319092 -1333496.212158 
-1223319.691650 -1333440.895996 
-1223317.140381 -1333369.783936 
-1223326.753418 -1333298.824463 
-1223354.176514 -1333239.943848 
-1223373.378174 -1333190.432129 
-1223408.314697 -1333139.113770 
-1223455.757324 -1333100.625000 
-1223502.510254 -1333056.087646 
-1223556.709473 -1333008.828125 
-1223617.067139 -1332962.282715 
-1223686.482422 -1332924.514160 
-1223748.286621 -1332893.062744 
-1223828.712646 -1332854.976807 
-1223912.904541 -1332810.537109 
-1223999.495117 -1332773.983154 
-1224091.127197 -1332733.730469 
-1224180.647461 -1332695.028076 
-1224230.793945 -1332676.986084 
-1224278.474609 -1332658.028564 
-1224326.625244 -1332643.312988 
-1224424.354736 -1332605.642090 
-1224473.219482 -1332588.076172 
-1224526.222412 -1332567.427979 
-1224577.827637 -1332547.072754 
-1224628.816406 -1332528.688965 
-1224682.423584 -1332508.669434 
-1224737.007324 -1332486.318359 
-1224795.796387 -1332466.237793 
-1224846.095459 -1332447.182617 
-1224905.732910 -1332425.319824 
-1224955.598633 -1332407.644043 
-1225010.481445 -1332390.419922 
-1225063.783447 -1332370.107422 
-1225122.767822 -1332347.170410 
-1225176.478760 -1332325.991211 
-1225225.477783 -1332308.425293 
-1225282.112305 -1332292.098389 
-1225335.713379 -1332267.635498 
-1225389.229004 -1332245.314941 
-1225443.440430 -1332222.792969 
-1225494.838135 -1332194.472656 
-1225554.274170 -1332170.949707 
-1225658.973877 -1332123.507080 
-1225709.633057 -1332101.448975 
-1225765.834229 -1332072.994385 
-1225858.687012 -1332024.544678 
-1225906.233398 -1332001.613770 
-1226006.715576 -1331949.178467 
-1226062.611572 -1331917.708740 
-1226113.813965 -1331892.476807 
-1226169.569580 -1331859.041748 
-1226219.844238 -1331832.454834 
-1226319.795410 -1331777.346191 
-1226369.526855 -1331750.270996 
-1226420.387451 -1331720.650635 
-1226524.934570 -1331668.441162 
-1226575.679199 -1331643.197021 
-1226621.583740 -1331621.566162 
-1226677.815430 -1331592.519531 
-1226771.290771 -1331547.780762 
-1226833.302490 -1331520.723877 
-1226880.922119 -1331496.138916 
-1226928.083984 -1331471.346436 
-1226982.112305 -1331448.354492 
-1227033.534424 -1331422.994385 
-1227082.960693 -1331397.493896 
-1227133.888428 -1331371.285400 
-1227185.145752 -1331350.319824 
-1227236.860840 -1331324.965820 
-1227288.411133 -1331301.375732 
-1227339.650146 -1331274.447021 
-1227391.444580 -1331249.227295 
-1227442.036621 -1331225.850830 
-1227492.402832 -1331203.475342 
-1227544.227783 -1331177.864990 
-1227593.416016 -1331153.481445 
-1227640.248291 -1331128.218994 
-1227695.076172 -1331100.460205 
-1227742.891113 -1331074.782715 
-1227795.454590 -1331051.448975 
-1227844.661133 -1331028.243408 
-1227895.356934 -1331003.933105 
-1227946.998779 -1330979.207764 
-1227992.195313 -1330956.618652 
-1228049.684326 -1330925.557861 
-1228099.629395 -1330900.411377 
-1228147.407715 -1330874.288330 
-1228199.647705 -1330849.532471 
-1228253.346436 -1330824.978027 
-1228301.252930 -1330803.127441 
-1228349.946777 -1330777.883301 
-1228397.706787 -1330754.567871 
-1228450.605957 -1330733.004150 
-1228499.971191 -1330712.947998 
-1228551.045410 -1330689.205322 
-1228601.326172 -1330668.801270 
-1228653.199951 -1330650.295410 
-1228704.878418 -1330630.294189 
-1228758.455078 -1330610.317383 
-1228807.167236 -1330595.925293 
-1228854.182617 -1330577.187500 
-1228906.324951 -1330560.830078 
-1228958.394043 -1330544.643555 
-1229005.732910 -1330527.877197 
-1229060.048096 -1330513.118896 
-1229153.199951 -1330489.815674 
-1229204.390137 -1330473.824463 
-1229255.934326 -1330463.289795 
-1229309.535400 -1330455.312500 
-1229361.110107 -1330443.636475 
-1229412.208740 -1330442.080078 
-1229503.120605 -1330433.754883 
-1229553.071777 -1330425.051270 
-1229643.812744 -1330419.399414 
-1229701.399414 -1330414.394531 
-1229794.258301 -1330413.985596 
-1229879.451172 -1330417.208252 
-1229970.759766 -1330423.598633 
-1230062.379639 -1330447.414551 
-1230144.789307 -1330459.536133 
-1230230.287354 -1330482.650146 
-1230277.144043 -1330500.887451 
-1230365.510742 -1330537.197266 
-1230454.060547 -1330572.396240 
-1230535.963623 -1330622.719727 
-1230616.761963 -1330670.925293 
-1230687.001221 -1330732.369385 
-1230754.744141 -1330793.660889 
-1230821.040527 -1330859.182129 
-1230884.608643 -1330929.299316 
-1230918.245117 -1330966.323242 
-1230979.829590 -1331042.977295 
-1231014.442627 -1331083.071289 
-1231049.458496 -1331124.636230 
-1231086.158936 -1331165.456543 
-1231152.748291 -1331246.499023 
-1231182.631104 -1331292.037354 
-1231215.797607 -1331333.748779 
-1231247.206299 -1331377.388916 
-1231284.401123 -1331426.406250 
-1231317.830078 -1331473.928223 
-1231352.595703 -1331522.725830 
-1231382.386963 -1331568.331299 
-1231416.841309 -1331613.564453 
-1231455.897705 -1331664.077148 
-1231488.966553 -1331711.812744 
-1231526.472656 -1331760.653076 
-1231561.390869 -1331809.804688 
-1231596.626465 -1331858.828125 
-1231634.938232 -1331908.718262 
-1231668.678467 -1331956.038818 
-1231703.730957 -1332006.203613 
-1231739.033691 -1332046.877441 
-1231775.563232 -1332095.131836 
-1231810.511963 -1332141.134033 
-1231847.377197 -1332186.348877 
-1231885.695068 -1332234.554443 
-1231924.702637 -1332279.860840 
-1231957.313721 -1332328.408203 
-1231991.737549 -1332371.962891 
-1232031.428711 -1332421.773682 
-1232070.540039 -1332464.302979 
-1232102.198975 -1332510.750732 
-1232140.400879 -1332555.013428 
-1232175.367920 -1332596.114502 
-1232215.931885 -1332643.294678 
-1232253.193848 -1332682.863770 
-1232291.133301 -1332730.880127 
-1232328.315918 -1332779.134521 
-1232374.678223 -1332827.199707 
-1232411.580078 -1332878.041992 
-1232442.549316 -1332921.376953 
-1232485.170166 -1332964.821777 
-1232521.541016 -1333010.720215 
-1232562.367432 -1333051.436768 
-1232598.286621 -1333096.102295 
-1232639.778320 -1333141.842041 
-1232679.512207 -1333188.863525 
-1232757.563965 -1333277.388916 
-1232796.327393 -1333321.730957 
-1232834.218018 -1333361.440430 
-1232872.474854 -1333403.725586 
-1232917.415039 -1333451.168213 
-1232955.525391 -1333495.125732 
-1233000.502197 -1333541.323242 
-1233035.139648 -1333583.248291 
-1233076.625244 -1333629.183350 
-1233117.836182 -1333670.021973 
-1233156.288330 -1333712.569580 
-1233232.441895 -1333803.334961 
-1233272.029297 -1333847.091064 
-1233352.028076 -1333935.598145 
-1233388.545410 -1333980.837402 
-1233465.461914 -1334070.278320 
-1233500.813477 -1334117.238770 
-1233540.773193 -1334160.073242 
-1233615.449707 -1334252.456055 
-1233689.674561 -1334341.347656 
-1233726.960938 -1334389.302979 
-1233766.572754 -1334435.030518 
-1233802.552979 -1334481.545410 
-1233840.736572 -1334525.881348 
-1233876.301758 -1334573.092041 
-1233952.235596 -1334665.078125 
-1233987.092773 -1334712.172852 
-1234022.474854 -1334750.869141 
-1234096.962158 -1334844.851074 
-1234137.965576 -1334895.913086 
-1234179.091064 -1334940.108643 
-1234250.947754 -1335023.262939 
-1234288.997070 -1335067.312012 
-1234327.559082 -1335110.524902 
-1234373.103516 -1335161.812744 
-1234408.857910 -1335200.203857 
-1234446.846191 -1335241.622314 
-1234527.437012 -1335326.735840 
-1234568.513672 -1335369.252930 
-1234604.005615 -1335407.985840 
-1234641.310303 -1335447.884521 
-1234718.513672 -1335526.479492 
-1234755.348389 -1335567.025146 
-1234792.146484 -1335611.440430 
-1234858.302490 -1335685.061035 
-1234891.395752 -1335726.278076 
-1234955.525391 -1335804.635010 
-1234988.258545 -1335848.177490 
-1235022.493164 -1335886.000977 
-1235091.597168 -1335963.771973 
-1235148.756592 -1336032.509766 
-1235183.046143 -1336074.941406 
-1235247.371094 -1336144.472656 
-1235310.920898 -1336221.004639 
-1235372.627441 -1336290.139160 
-1235432.051270 -1336357.424316 
-1235496.998779 -1336426.687012 
-1235556.007568 -1336487.819824 
-1235620.875732 -1336558.095703 
-1235676.301758 -1336618.947754 
-1235732.771484 -1336680.941162 
-1235793.788330 -1336744.210205 
-1235847.853271 -1336805.721436 
-1235912.220947 -1336867.916260 
-1235964.760010 -1336926.259766 
-1236000.001709 -1336962.581787 
-1236055.922119 -1337022.927246 
-1236114.302246 -1337094.283447 
-1236175.294678 -1337157.009277 
-1236227.852051 -1337225.466309 
-1236284.456055 -1337299.770508 
-1236339.534180 -1337369.661865 
-1236392.067139 -1337442.019043 
-1236452.858154 -1337512.221680 
-1236501.747314 -1337577.327881 
-1236529.823486 -1337618.917236 
-1236583.503906 -1337684.597168 
-1236631.025879 -1337753.481445 
-1236676.851074 -1337823.702393 
-1236726.057617 -1337892.043457 
-1236774.269287 -1337964.357910 
-1236809.352295 -1338021.578369 
-1236851.320068 -1338090.761719 
-1236894.679443 -1338151.668701 
-1236931.471436 -1338208.468018 
-1236967.842285 -1338265.700684 
-1237005.391113 -1338325.301514 
-1237036.165039 -1338378.432617 
-1237072.444336 -1338430.404053 
-1237105.549805 -1338486.379395 
-1237132.869141 -1338540.859375 
-1237171.803467 -1338595.498047 
-1237200.563232 -1338644.527588 
-1237230.079834 -1338698.806152 
-1237262.184326 -1338752.944336 
-1237288.820068 -1338802.132568 
-1237315.040771 -1338861.348877 
-1237342.006104 -1338910.653076 
-1237371.962158 -1338970.687256 
-1237401.301758 -1339022.994385 
-1237433.448975 -1339075.808105 
-1237459.895508 -1339132.863770 
-1237493.757813 -1339194.405518 
-1237528.236572 -1339259.053955 
-1237556.898682 -1339322.121582 
-1237601.631348 -1339389.547119 
-1237631.294434 -1339467.128906 
-1237669.276611 -1339544.307861 
-1237713.136475 -1339618.074951 
-1237762.849609 -1339698.714600 
-1237805.439941 -1339770.125732 
-1237828.907959 -1339816.213379 
-1237873.683350 -1339888.356934 
-1237914.143555 -1339969.399414 
-1237945.167725 -1340009.176025 
-1237999.324219 -1340089.003906 
-1238071.748535 -1340213.326416 
-1238102.614014 -1340258.132324 
-1238148.939697 -1340344.979248 
-1238221.064941 -1340478.011475 
-1238271.864502 -1340570.351563 
-1238300.856201 -1340615.462646 
-1238356.123535 -1340708.352051 
-1238376.967041 -1340756.350098 
-1238405.897705 -1340807.949219 
-1238458.241455 -1340909.829102 
-1238486.732666 -1340960.000000 
-1238512.361328 -1341013.302002 
-1238537.349121 -1341064.425049 
-1238589.802734 -1341167.617188 
-1238619.416992 -1341218.953857 
-1238649.141113 -1341270.937500 
-1238673.811523 -1341323.787842 
-1238705.476563 -1341376.326904 
-1238755.629150 -1341486.672363 
-1238794.050781 -1341541.927490 
-1238813.466064 -1341588.381348 
-1238859.907715 -1341684.291992 
-1238893.739502 -1341742.092285 
-1238948.530762 -1341841.793213 
-1238970.912354 -1341890.969238 
-1239021.718018 -1341990.462646 
-1239048.597900 -1342037.490234 
-1239070.692627 -1342086.989746 
-1239096.107666 -1342133.999023 
-1239120.472900 -1342178.927002 
-1239145.857422 -1342225.441895 
-1239173.506348 -1342276.271973 
-1239224.360840 -1342367.183838 
-1239250.978271 -1342417.647705 
-1239299.971191 -1342508.236084 
-1239326.796143 -1342554.531250 
-1239374.226563 -1342643.459473 
-1239404.042236 -1342693.044434 
-1239450.392334 -1342786.721191 
-1239500.972168 -1342871.926270 
-1239528.853027 -1342917.293701 
-1239575.062744 -1343005.068359 
-1239602.430908 -1343051.241455 
-1239626.020996 -1343095.382080 
-1239673.848145 -1343175.515137 
-1239721.278564 -1343257.747803 
-1239747.053711 -1343308.858643 
-1239771.284668 -1343354.238281 
-1239798.195068 -1343397.054443 
-1239845.417969 -1343482.717285 
-1239870.350830 -1343526.827393 
-1239898.542969 -1343570.717773 
-1239925.294678 -1343617.940674 
-1239976.417725 -1343703.585205 
-1240007.197754 -1343753.841553 
-1240029.677002 -1343800.924072 
-1240079.451172 -1343885.445557 
-1240130.861084 -1343970.437012 
-1240158.497803 -1344017.824707 
-1240209.260742 -1344106.997070 
-1240241.249268 -1344160.537109 
-1240289.576904 -1344244.777832 
-1240341.017334 -1344332.680664 
-1240365.870850 -1344377.956543 
-1240417.482178 -1344460.854492 
-1240446.931641 -1344509.145508 
-1240457.985107 -1344571.804199 
-1240498.610107 -1344605.727539 
-1240528.871338 -1344649.135742 
-1240575.581543 -1344736.953125 
-1240602.394287 -1344779.787598 
-1240653.682129 -1344865.047607 
-1240690.638916 -1344907.619629 
-1240714.271729 -1344955.684814 
-1240769.258301 -1345045.662842 
-1240824.794189 -1345130.489502 
-1240847.279541 -1345175.826416 
-1240898.298828 -1345259.291992 
-1240959.364502 -1345340.340576 
-1240988.740723 -1345385.732422 
-1241020.021240 -1345436.013184 
-1241084.156982 -1345519.576416 
-1241114.528076 -1345559.719238 
-1241175.020020 -1345653.615723 
-1241207.338135 -1345694.460449 
-1241239.790527 -1345734.688721 
-1241297.529785 -1345824.459229 
-1241356.349365 -1345910.457764 
-1241387.782471 -1345958.242188 
-1241417.695801 -1346002.968750 
-1241459.041016 -1346052.907715 
-1241494.514648 -1346117.989502 
-1241524.598877 -1346157.967529 
-1241551.948730 -1346217.940674 
-1241614.637939 -1346301.156006 
-1241635.408203 -1346347.780762 
-1241688.191406 -1346433.760986 
-1241736.128418 -1346490.072021 
-1241767.183105 -1346554.854736 
-1241813.514893 -1346615.999756 
-1241843.733398 -1346658.614502 
-1241866.572754 -1346709.938965 
-1241895.906250 -1346751.320801 
-1241927.052490 -1346804.281006 
-1241955.012695 -1346890.633545 
-1241976.277344 -1346937.636719 
-1242004.384033 -1346996.407471 
-1242052.583496 -1347058.565674 
-1242066.920654 -1347113.405762 
-1242095.601074 -1347166.878662 
-1242136.268799 -1347252.260742 
-1242175.569336 -1347330.935059 
-1242197.322266 -1347377.712402 
-1242216.450684 -1347424.001465 
-1242263.502686 -1347526.290283 
-1242300.648682 -1347601.052246 
-1242329.811279 -1347680.556641 
-1242393.190186 -1347818.447266 
-1242420.625488 -1347900.551758 
-1242456.758301 -1347982.430420 
-1242478.968994 -1348029.519043 
-1242519.935791 -1348146.657715 
-1242554.176514 -1348220.150146 
-1242588.783447 -1348297.884521 
-1242624.122803 -1348373.574219 
-1242653.999512 -1348437.276611 
-1242687.104980 -1348503.170166 
-1242720.460693 -1348563.991699 
-1242751.466553 -1348620.119629 
-1242779.170410 -1348670.919189 
-1242807.856934 -1348729.830322 
-1242836.396973 -1348778.127441 
-1242865.101807 -1348835.329590 
-1242890.187256 -1348885.482178 
-1242910.469238 -1348935.231934 
-1242944.093506 -1348985.579834 
-1242968.464844 -1349046.535645 
-1242995.320313 -1349098.189697 
-1243015.681641 -1349151.003418 
-1243028.163330 -1349205.239258 
-1243047.615234 -1349255.623779 
-1243075.660889 -1349310.994873 
-1243095.326416 -1349373.433838 
-1243121.730225 -1349426.748047 
-1243151.857178 -1349475.533447 
-1243181.196777 -1349543.160400 
-1243203.010742 -1349591.610107 
-1243231.782715 -1349647.292480 
-1243260.969727 -1349702.004395 
-1243295.015137 -1349757.552490 
-1243338.099854 -1349823.256836 
-1243376.509277 -1349888.485107 
-1243412.428467 -1349947.066650 
-1243455.684082 -1350007.869873 
-1243511.274902 -1350086.141357 
-1243569.313232 -1350157.882080 
-1243596.150391 -1350205.074463 
-1243652.394287 -1350272.701416 
-1243708.265869 -1350346.846924 
-1243768.562500 -1350426.851807 
-1243821.602051 -1350501.900635 
-1243880.623047 -1350580.544434 
-1243926.863281 -1350652.962646 
-1243959.565918 -1350695.009766 
-1243997.224609 -1350742.281494 
-1244025.300781 -1350785.604248 
-1244058.595459 -1350831.557617 
-1244096.504395 -1350883.596191 
-1244153.932373 -1350964.772949 
-1244209.718506 -1351044.985352 
-1244242.122070 -1351097.677002 
-1244300.856201 -1351186.837158 
-1244333.479492 -1351228.786621 
-1244365.339844 -1351281.789551 
-1244398.524658 -1351323.116455 
-1244429.860107 -1351368.367920 
-1244456.453125 -1351411.654053 
-1244483.259766 -1351458.553467 
-1244508.815186 -1351502.578125 
-1244540.321533 -1351548.293457 
-1244592.262451 -1351638.997803 
-1244627.760498 -1351694.393311 
-1244655.073730 -1351740.535889 
-1244683.119385 -1351786.727295 
-1244710.566895 -1351832.906494 
-1244740.870850 -1351889.278564 
-1244798.732178 -1351983.828125 
-1244831.990234 -1352042.781982 
-1244855.946533 -1352091.005859 
-1244883.436768 -1352139.919434 
-1244934.749023 -1352234.096680 
-1244963.502686 -1352288.356934 
-1244984.315674 -1352334.005127 
-1245030.922119 -1352424.526367 
-1245055.079834 -1352472.670898 
-1245077.101318 -1352522.701416 
-1245104.896729 -1352581.160889 
-1245131.978027 -1352630.953369 
-1245157.515137 -1352683.522949 
-1245194.465820 -1352767.153320 
-1245217.061035 -1352814.034424 
-1245235.218994 -1352862.978516 
-1245271.180908 -1352945.284424 
-1245297.023193 -1353001.973877 
-1245319.435303 -1353048.452148 
-1245340.406982 -1353097.084961 
-1245379.445068 -1353180.233154 
-1245401.320068 -1353225.216064 
-1245431.813232 -1353281.984863 
-1245455.165283 -1353328.658447 
-1245489.515869 -1353407.015381 
-1245516.890137 -1353460.170898 
-1245567.488281 -1353554.036865 
-1245636.055176 -1353685.769043 
-1245678.285400 -1353770.913086 
-1245721.595947 -1353846.657715 
-1245778.639404 -1353946.334229 
-1245820.912354 -1354033.089600 
-1245872.114746 -1354114.968262 
-1245918.007080 -1354191.842041 
-1245966.267578 -1354275.948486 
-1246017.231934 -1354364.138184 
-1246088.392822 -1354477.883301 
-1246139.900391 -1354560.878906 
-1246186.635010 -1354632.283936 
-1246237.117188 -1354707.650146 
-1246284.785645 -1354785.250244 
-1246338.673584 -1354858.205566 
-1246384.926025 -1354934.383545 
-1246428.737061 -1354997.530518 
-1246457.185547 -1355040.035400 
-1246501.503174 -1355108.120117 
-1246552.192871 -1355186.837158 
-1246594.459717 -1355257.436523 
-1246638.759033 -1355323.977051 
-1246687.281982 -1355410.329590 
-1246728.505127 -1355477.712402 
-1246769.783203 -1355549.868164 
-1246793.666260 -1355594.020996 
-1246829.420654 -1355654.421387 
-1246876.588623 -1355734.560547 
-1246917.268555 -1355807.784424 
-1246959.364502 -1355888.314209 
-1246985.450928 -1355933.876953 
-1247024.257080 -1356010.274658 
-1247058.424561 -1356084.383545 
-1247097.194092 -1356160.170898 
-1247144.081299 -1356239.681396 
-1247179.316895 -1356316.091309 
-1247217.378418 -1356391.872559 
-1247258.009521 -1356472.182617 
-1247290.529053 -1356544.942627 
-1247326.393311 -1356624.129639 
-1247365.120117 -1356703.566895 
-1247399.977295 -1356786.861572 
-1247441.505615 -1356865.700684 
-1247461.860840 -1356912.795410 
-1247497.645752 -1356997.774658 
-1247538.832275 -1357080.654297 
-1247574.189941 -1357163.979492 
-1247614.015381 -1357250.661621 
-1247650.837891 -1357332.674561 
-1247675.496094 -1357379.921875 
-1247717.158691 -1357453.658447 
-1247735.737793 -1357506.862793 
-1247770.088379 -1357570.845947 
-1247812.037842 -1357656.075439 
-1247832.704346 -1357702.633057 
-1247873.414795 -1357780.294189 
-1247912.385742 -1357852.492676 
-1247939.521973 -1357897.310791 
-1247970.436279 -1357943.123779 
-1248011.976807 -1358009.279785 
-1248036.421387 -1358057.460938 
-1248082.747070 -1358138.466797 
-1248128.914063 -1358214.895020 
-1248177.906982 -1358292.653809 
-1248225.111572 -1358379.677734 
-1248268.928711 -1358453.023682 
-1248308.204834 -1358531.539307 
-1248362.343018 -1358605.611572 
-1248398.158447 -1358667.727051 
-1248440.785400 -1358742.092285 
-1248487.971680 -1358822.182617 
-1248529.670898 -1358894.967041 
-1248562.843506 -1358938.405762 
-1248598.555176 -1359009.932861 
-1248622.804443 -1359059.591064 
-1248669.075195 -1359129.854736 
-1248710.664551 -1359200.173340 
-1248754.774658 -1359279.451904 
-1248804.701416 -1359354.323730 
-1248841.249268 -1359421.663818 
-1248877.864258 -1359482.723389 
-1248907.075684 -1359535.799561 
-1248940.156738 -1359592.312012 
-1248968.092529 -1359633.846436 
-1249015.583984 -1359712.893066 
-1249053.614990 -1359781.209717 
-1249091.621582 -1359855.050049 
-1249134.517090 -1359924.855957 
-1249181.678955 -1360001.882324 
-1249225.819580 -1360083.809814 
-1249264.003174 -1360155.428467 
-1249295.497314 -1360202.010498 
-1249334.248535 -1360274.819336 
-1249374.281494 -1360363.546143 
-1249423.097412 -1360419.863281 
-1249447.517578 -1360485.177002 
-1249481.544678 -1360540.352783 
-1249505.232422 -1360599.825439 
-1249537.477295 -1360656.099854 
-1249584.041016 -1360737.191162 
-1249635.164063 -1360840.932617 
-1249678.157227 -1360916.604004 
-1249720.796387 -1360996.401367 
-1249780.824463 -1361110.836182 
-1249816.316406 -1361174.233398 
-1249853.975098 -1361246.041260 
-1249895.735352 -1361319.967041 
-1249937.391846 -1361390.145264 
-1249962.758057 -1361455.202637 
-1250010.420410 -1361537.258301 
-1250056.025879 -1361612.758789 
-1250091.932861 -1361683.242188 
-1250140.114014 -1361767.635498 
-1250170.302002 -1361831.020508 
-1250207.417480 -1361906.557617 
-1250244.978516 -1361973.317871 
-1250283.534424 -1362047.231445 
-1250316.688721 -1362119.924316 
-1250350.227539 -1362176.424561 
-1250382.954590 -1362232.763062 
-1250422.426025 -1362317.611084 
-1250448.408691 -1362363.466797 
-1250475.917236 -1362429.464111 
-1250506.141846 -1362480.812988 
-1250537.434570 -1362556.502686 
-1250587.574951 -1362626.009521 
-1250614.503662 -1362689.083252 
-1250656.263916 -1362754.302368 
-1250682.417480 -1362812.713013 
-1250707.936279 -1362870.186768 
-1250732.069580 -1362916.143188 
-1250765.370361 -1362972.539673 
-1250794.227783 -1363028.014526 
-1250815.529053 -1363089.132080 
-1250846.510498 -1363140.267334 
-1250868.580811 -1363188.543091 
-1250907.472412 -1363247.844849 
-1250939.125244 -1363317.907104 
-1250960.597412 -1363366.512451 
-1250987.104980 -1363416.106567 
-1251015.864746 -1363476.311646 
-1251041.047852 -1363522.786865 
-1251067.457764 -1363577.913818 
-1251097.615234 -1363629.689941 
-1251125.917236 -1363692.199097 
-1251152.968018 -1363754.949341 
-1251189.564697 -1363814.824829 
-1251205.067627 -1363871.285400 
-1251232.441895 -1363923.461304 
-1251252.943604 -1363985.802612 
-1251274.086182 -1364042.226563 
-1251292.793457 -1364101.390991 
-1251307.234375 -1364157.268677 
-1251322.633545 -1364211.013184 
-1251335.664551 -1364260.338745 
-1251351.185791 -1364314.376221 
-1251361.268799 -1364367.287598 
