-1239812.245361 -1356789.876709 
-1239758.668701 -1356801.229248 
-1239704.554932 -1356817.385254 
-1239646.718018 -1356824.947510 
-1239587.544434 -1356831.704102 
-1239531.404297 -1356842.440186 
-1239471.913330 -1356848.873291 
-1239414.009277 -1356857.802734 
-1239339.125244 -1356863.320313 
-1239272.822754 -1356869.545898 
-1239213.539307 -1356876.693115 
-1239156.916992 -1356887.807617 
-1239084.340088 -1356896.932373 
-1239013.282959 -1356903.884277 
-1238962.941162 -1356913.845215 
-1238895.546143 -1356933.699951 
-1238831.038086 -1356952.846680 
-1238764.772217 -1356962.996826 
-1238699.214355 -1356984.041748 
-1238649.934570 -1356995.852051 
-1238586.085693 -1357016.445313 
-1238534.095947 -1357041.427002 
-1238483.845703 -1357059.060059 
-1238433.705322 -1357080.361328 
-1238382.887451 -1357100.881348 
-1238333.259766 -1357122.792969 
-1238281.526367 -1357148.708496 
-1238235.389893 -1357178.847656 
-1238183.412354 -1357212.197266 
-1238134.968750 -1357243.496094 
-1238088.832275 -1357276.766357 
-1238035.225098 -1357315.853271 
-1237984.828369 -1357352.840576 
-1237935.286133 -1357391.652832 
-1237883.882324 -1357436.153564 
-1237833.979980 -1357477.272949 
-1237779.396240 -1357523.665771 
-1237726.429932 -1357561.055908 
-1237667.207520 -1357604.610596 
-1237610.151855 -1357649.733887 
-1237551.631348 -1357690.059814 
-1237492.933838 -1357735.543213 
-1237431.306641 -1357777.523193 
-1237370.094482 -1357822.396240 
-1237304.426758 -1357865.480957 
-1237242.427246 -1357908.620605 
-1237179.145996 -1357951.601563 
-1237110.920898 -1358000.258789 
-1237045.448486 -1358043.306885 
-1236974.855225 -1358088.002930 
-1236914.698975 -1358125.112305 
-1236848.903076 -1358166.628418 
-1236782.313721 -1358202.901611 
-1236713.752930 -1358241.195068 
-1236647.133057 -1358281.008301 
-1236578.798096 -1358318.593750 
-1236509.767334 -1358351.113281 
-1236437.043945 -1358385.531006 
-1236366.633789 -1358422.432861 
-1236296.785156 -1358457.082520 
-1236218.800537 -1358493.337402 
-1236147.432129 -1358532.955322 
-1236036.500732 -1358590.236816 
-1235949.623291 -1358636.025391 
-1235882.881348 -1358666.427002 
-1235808.937256 -1358700.008545 
-1235734.413330 -1358735.744629 
-1235656.575195 -1358777.535400 
-1235582.600586 -1358812.984619 
-1235502.882568 -1358849.434814 
-1235419.630615 -1358890.474854 
-1235306.025879 -1358946.187744 
-1235231.361572 -1358982.875977 
-1235150.972168 -1359020.638428 
-1235081.984131 -1359052.425537 
-1235011.244385 -1359085.927734 
-1234934.474365 -1359123.946533 
-1234858.094971 -1359160.396729 
-1234788.704102 -1359192.653809 
-1234712.135498 -1359228.707275 
-1234639.332764 -1359263.295898 
-1234569.703857 -1359296.621094 
-1234498.079102 -1359332.454834 
-1234422.352783 -1359366.622314 
-1234351.313965 -1359401.381836 
-1234280.653564 -1359435.659180 
-1234205.311768 -1359469.204102 
-1234131.257813 -1359502.724609 
-1234057.472412 -1359540.291748 
-1233979.115479 -1359576.345215 
-1233902.498047 -1359610.909424 
-1233830.745117 -1359646.700439 
-1233753.755371 -1359681.795654 
-1233674.043457 -1359717.440186 
-1233596.620361 -1359754.378662 
-1233516.102783 -1359792.318115 
-1233432.832520 -1359829.671631 
-1233351.417725 -1359866.610107 
-1233272.175781 -1359903.597412 
-1233193.922607 -1359940.639648 
-1233111.042969 -1359976.729736 
-1233026.051514 -1360016.536865 
-1232946.296875 -1360051.900635 
-1232864.222900 -1360090.639648 
-1232783.497803 -1360126.766357 
-1232696.345703 -1360167.720947 
-1232615.272705 -1360205.904541 
-1232533.302490 -1360244.802246 
-1232451.881592 -1360285.085449 
-1232372.603027 -1360325.856934 
-1232326.027100 -1360348.830566 
-1232246.821777 -1360393.282471 
-1232161.445801 -1360436.501465 
-1232080.293457 -1360480.404053 
-1231999.385254 -1360525.863037 
-1231956.123535 -1360551.137695 
-1231874.385254 -1360597.854004 
-1231793.251221 -1360646.120605 
-1231708.656494 -1360694.118652 
-1231626.252930 -1360745.980225 
-1231545.741455 -1360792.391357 
-1231501.576416 -1360817.305908 
-1231421.785156 -1360862.490234 
-1231373.872559 -1360888.674316 
-1231293.306152 -1360935.366211 
-1231214.009277 -1360983.126221 
-1231131.843750 -1361029.628906 
-1231047.102539 -1361069.729004 
-1231002.070801 -1361094.466553 
-1230957.307617 -1361117.519531 
-1230875.697510 -1361163.741455 
-1230788.008301 -1361207.546387 
-1230703.798096 -1361249.801025 
-1230617.537109 -1361293.361816 
-1230532.112305 -1361338.051758 
-1230449.543945 -1361380.416260 
-1230365.687744 -1361421.340332 
-1230280.159180 -1361463.906250 
-1230196.144287 -1361505.178223 
-1230151.039307 -1361529.976807 
-1230076.930420 -1361571.926270 
-1229991.639893 -1361611.599121 
-1229914.784424 -1361650.045166 
-1229830.336182 -1361692.226563 
-1229748.896973 -1361730.727539 
-1229667.531006 -1361767.562256 
-1229590.724365 -1361810.201416 
-1229517.598145 -1361844.948730 
-1229438.343994 -1361884.938965 
-1229367.640869 -1361919.765625 
-1229293.562500 -1361949.422607 
-1229228.145020 -1361984.426270 
-1229155.189697 -1362015.157471 
-1229091.090576 -1362052.071533 
-1229017.671387 -1362083.193359 
-1228955.171387 -1362116.164551 
-1228878.657715 -1362149.984131 
-1228779.145996 -1362201.421509 
-1228676.240723 -1362245.211182 
-1228596.107666 -1362282.869873 
-1228530.952637 -1362308.086548 
-1228465.498535 -1362341.713867 
-1228396.058838 -1362369.829712 
-1228324.751465 -1362404.387817 
-1228256.410400 -1362434.328613 
-1228191.981689 -1362463.378296 
-1228123.842041 -1362491.439209 
-1228058.687012 -1362509.188232 
-1227991.011230 -1362528.991089 
-1227927.357666 -1362545.494995 
-1227868.428223 -1362551.571045 
-1227806.495850 -1362557.702026 
-1227747.273438 -1362557.027588 
-1227690.822021 -1362552.462158 
-1227634.700195 -1362544.521484 
-1227581.239502 -1362528.588257 
-1227529.884521 -1362513.543091 
-1227480.708496 -1362489.101563 
-1227417.451660 -1362447.686157 
-1227371.132080 -1362419.732056 
-1227333.198730 -1362378.768311 
-1227287.770264 -1362326.174316 
-1227249.214355 -1362265.511475 
-1227221.162598 -1362220.211182 
-1227203.132813 -1362167.678223 
-1227186.915771 -1362117.696533 
-1227178.633301 -1362061.300049 
-1227165.681641 -1361995.772705 
-1227173.372070 -1361923.964844 
-1227182.148926 -1361858.400879 
-1227195.607178 -1361794.240723 
-1227216.792480 -1361721.749268 
-1227252.461426 -1361667.781982 
-1227294.642822 -1361614.638672 
-1227337.532227 -1361549.605713 
-1227383.540527 -1361505.941162 
-1227428.865234 -1361455.385742 
-1227481.514160 -1361406.649170 
-1227536.177246 -1361361.635742 
-1227593.556396 -1361314.821777 
-1227655.476563 -1361262.526855 
-1227715.895264 -1361208.272705 
-1227779.158203 -1361158.315430 
-1227835.560791 -1361102.578125 
-1227898.079102 -1361048.177490 
-1227960.231201 -1360996.279297 
-1228018.855469 -1360946.425781 
-1228078.651611 -1360898.598633 
-1228136.476318 -1360847.170410 
-1228201.094238 -1360793.697510 
-1228266.273682 -1360738.228760 
-1228330.842773 -1360688.021240 
-1228400.209229 -1360628.487549 
-1228466.383545 -1360576.601563 
-1228533.754150 -1360519.576416 
-1228609.864990 -1360459.859619 
-1228679.109375 -1360402.382813 
-1228750.056641 -1360341.982422 
-1228823.109619 -1360290.377197 
-1228900.526611 -1360234.517822 
-1228941.200439 -1360205.092773 
-1229022.780029 -1360159.743652 
-1229098.842041 -1360116.335449 
-1229172.450439 -1360076.833496 
-1229253.968994 -1360035.836182 
-1229330.812256 -1359994.295654 
-1229411.323730 -1359951.217041 
-1229457.466309 -1359929.049072 
-1229532.869141 -1359885.793457 
-1229615.071289 -1359842.476807 
-1229698.195068 -1359803.078613 
-1229779.048340 -1359755.703125 
-1229859.724609 -1359709.298096 
-1229941.200439 -1359663.491211 
-1230017.720215 -1359619.722900 
-1230102.223389 -1359573.848877 
-1230182.863037 -1359530.965576 
-1230227.260010 -1359506.795654 
-1230310.280029 -1359460.854492 
-1230437.898438 -1359395.955811 
-1230565.718262 -1359331.026611 
-1230697.786133 -1359275.014648 
-1230780.470459 -1359235.958252 
-1230859.639160 -1359198.146973 
-1230941.700928 -1359162.453613 
-1231063.771240 -1359110.311279 
-1231140.016357 -1359079.189453 
-1231216.652100 -1359043.142090 
-1231297.450439 -1359005.520020 
-1231410.286133 -1358955.007324 
-1231487.007324 -1358918.831787 
-1231563.569824 -1358876.040039 
-1231632.600586 -1358841.854248 
-1231707.093994 -1358802.675781 
-1231780.885498 -1358766.402588 
-1231853.517334 -1358724.831543 
-1231922.773926 -1358686.196289 
-1231999.586670 -1358643.398438 
-1232076.661865 -1358603.322754 
-1232151.405518 -1358562.929688 
-1232233.937256 -1358520.302734 
-1232314.991943 -1358476.009521 
-1232397.895996 -1358433.516846 
-1232479.243652 -1358393.618164 
-1232526.826660 -1358370.070801 
-1232607.649414 -1358326.839600 
-1232653.395264 -1358305.635986 
-1232740.443604 -1358265.218506 
-1232819.679443 -1358226.479492 
-1232869.838135 -1358204.238281 
-1232955.409424 -1358165.139160 
-1233037.434570 -1358127.175293 
-1233083.680908 -1358105.947266 
-1233165.358154 -1358070.968018 
-1233214.717285 -1358048.543701 
-1233299.867432 -1358010.561523 
-1233381.123535 -1357970.577393 
-1233462.672607 -1357932.161865 
-1233546.931641 -1357891.713867 
-1233627.858154 -1357853.298340 
-1233714.491455 -1357810.671387 
-1233800.477783 -1357768.819580 
-1233845.491211 -1357746.791992 
-1233933.522217 -1357702.401123 
-1234020.149414 -1357658.657227 
-1234106.440918 -1357615.297852 
-1234193.916504 -1357573.873291 
-1234239.741699 -1357549.550781 
-1234328.206055 -1357505.574951 
-1234375.166504 -1357482.930908 
-1234462.922852 -1357438.009033 
-1234509.523193 -1357417.476807 
-1234555.946533 -1357395.461426 
-1234603.895752 -1357371.242676 
-1234648.915283 -1357348.092041 
-1234735.365479 -1357305.648193 
-1234784.651367 -1357282.821045 
-1234833.790771 -1357258.944092 
-1234925.831787 -1357215.718994 
-1235013.813965 -1357171.413574 
-1235100.752441 -1357129.226074 
-1235147.041504 -1357108.651123 
-1235195.942871 -1357085.329590 
-1235241.090576 -1357062.062988 
-1235333.552734 -1357017.476807 
-1235422.511475 -1356977.187500 
-1235471.211426 -1356955.666504 
-1235515.571777 -1356932.259521 
-1235561.818115 -1356912.618408 
-1235653.907959 -1356873.690186 
-1235700.105469 -1356850.283203 
-1235789.534180 -1356809.316406 
-1235834.358398 -1356786.928711 
-1235924.006836 -1356748.378906 
-1236009.858887 -1356708.956299 
-1236099.763672 -1356666.713867 
-1236186.427490 -1356627.608643 
-1236235.316650 -1356608.760986 
-1236321.046631 -1356570.162354 
-1236408.125488 -1356530.379639 
-1236455.244629 -1356509.060059 
-1236539.161865 -1356470.827637 
-1236624.666016 -1356432.009277 
-1236710.444824 -1356396.981201 
-1236795.961182 -1356364.235840 
-1236879.255859 -1356322.072754 
-1236964.320557 -1356287.459717 
-1237045.259277 -1356250.753174 
-1237126.100342 -1356218.129883 
-1237207.863037 -1356182.015381 
-1237285.859863 -1356140.822754 
-1237360.383789 -1356102.565918 
-1237431.874268 -1356062.069092 
-1237507.838623 -1356024.898682 
-1237576.680176 -1355978.304443 
-1237651.167480 -1355936.983643 
-1237752.375977 -1355869.796143 
-1237833.503906 -1355820.009766 
-1237896.376221 -1355770.797119 
-1237957.502930 -1355716.890869 
-1238047.950928 -1355643.441162 
-1238104.451172 -1355596.950684 
-1238164.564697 -1355547.896729 
-1238247.035400 -1355478.554688 
-1238304.548828 -1355431.527100 
-1238362.941162 -1355382.003174 
-1238418.416016 -1355330.727539 
-1238474.257080 -1355287.484131 
-1238528.676025 -1355239.675293 
-1238582.173340 -1355192.580566 
-1238635.737793 -1355149.562988 
-1238686.384766 -1355104.830322 
-1238737.709229 -1355056.612549 
-1238782.344238 -1355012.020264 
-1238832.429688 -1354962.490234 
-1238876.674072 -1354924.544678 
-1238914.924805 -1354883.907471 
-1238968.110840 -1354837.587891 
-1239002.607910 -1354793.972168 
-1239039.003174 -1354754.421387 
-1239074.757568 -1354719.143066 
