-1255933.601563 -1369561.504517 
-1255884.132568 -1369594.429932 
-1255838.447754 -1369620.885620 
-1255796.095459 -1369649.401245 
-1255741.414063 -1369683.056030 
-1255684.755127 -1369721.007690 
-1255621.510498 -1369757.216797 
-1255570.546143 -1369782.659302 
-1255523.005859 -1369810.415039 
-1255470.094482 -1369839.281616 
-1255415.712158 -1369870.470581 
-1255356.593506 -1369903.395996 
-1255297.670166 -1369934.703979 
-1255240.107910 -1369973.311768 
-1255177.400391 -1370011.748657 
-1255113.502686 -1370049.898682 
-1255045.924561 -1370094.167480 
-1254982.856934 -1370135.277710 
-1254913.112061 -1370181.176147 
-1254841.926758 -1370228.270874 
-1254773.689453 -1370272.350464 
-1254702.778809 -1370315.123901 
-1254630.104248 -1370363.033447 
-1254554.695313 -1370406.981812 
-1254478.834717 -1370452.111206 
-1254398.768799 -1370497.356567 
-1254323.182861 -1370543.694458 
-1254246.199219 -1370588.854370 
-1254169.661133 -1370633.590088 
-1254087.538330 -1370677.605591 
-1254008.595459 -1370727.456055 
-1253925.782959 -1370774.376831 
-1253804.396240 -1370851.357422 
-1253720.308105 -1370897.142944 
-1253678.090088 -1370926.156006 
-1253597.212402 -1370978.231201 
-1253514.601318 -1371026.854858 
-1253430.739014 -1371076.006470 
-1253349.177734 -1371129.580078 
-1253265.168945 -1371183.880005 
-1253186.989014 -1371236.007080 
-1253143.043701 -1371266.112671 
-1253100.087158 -1371298.269043 
-1253019.838135 -1371349.743042 
-1252977.986328 -1371380.944214 
-1252893.501465 -1371433.214722 
-1252816.914551 -1371491.579590 
-1252771.534912 -1371522.881470 
-1252728.383057 -1371549.868164 
-1252687.330811 -1371578.789673 
-1252605.702393 -1371634.755859 
-1252528.853027 -1371686.144409 
-1252447.102539 -1371739.437256 
-1252367.140381 -1371789.446411 
-1252324.952881 -1371816.518555 
-1252245.289795 -1371867.366943 
-1252198.573486 -1371899.660645 
-1252118.159668 -1371942.876587 
-1252042.262451 -1371990.114746 
-1251959.889404 -1372039.626465 
-1251883.101074 -1372081.881104 
-1251802.986328 -1372130.663452 
-1251708.320801 -1372192.656860 
-1251664.265625 -1372217.189941 
-1251585.798828 -1372263.598022 
-1251500.789063 -1372313.259277 
-1251414.741699 -1372365.477905 
-1251339.326660 -1372413.201294 
-1251259.456055 -1372464.983521 
-1251182.936279 -1372509.758911 
-1251105.464355 -1372562.352905 
-1251033.479492 -1372612.761841 
-1250985.469238 -1372640.313110 
-1250909.175293 -1372691.884766 
-1250836.494629 -1372741.790161 
-1250754.634277 -1372794.371948 
-1250683.119385 -1372848.272095 
-1250642.256348 -1372878.530273 
-1250570.472900 -1372926.223145 
-1250496.833984 -1372978.237305 
-1250419.539063 -1373030.199585 
-1250341.780273 -1373079.619751 
-1250267.549316 -1373131.871948 
-1250194.899170 -1373180.889282 
-1250121.052734 -1373232.338867 
-1250042.140381 -1373290.618286 
-1249969.343750 -1373339.064941 
-1249904.353516 -1373382.329712 
-1249828.755371 -1373433.046875 
-1249750.410645 -1373487.349854 
-1249676.783936 -1373534.896240 
-1249634.864990 -1373565.029297 
-1249565.059082 -1373609.688721 
-1249492.372314 -1373655.217896 
-1249426.991455 -1373703.304443 
-1249350.905029 -1373754.134521 
-1249278.004639 -1373803.481445 
-1249207.191650 -1373847.579346 
-1249131.599609 -1373895.821533 
-1249058.680908 -1373946.956787 
-1248987.855713 -1373997.860107 
-1248914.082520 -1374044.246826 
-1248845.582764 -1374096.758423 
-1248800.978271 -1374127.965698 
-1248731.007568 -1374178.359375 
-1248655.757324 -1374232.805786 
-1248582.148926 -1374286.138306 
-1248503.914063 -1374342.260132 
-1248463.569824 -1374375.417480 
-1248420.765869 -1374406.298218 
-1248352.656738 -1374460.100708 
-1248280.098145 -1374511.519775 
-1248240.547363 -1374545.748291 
-1248169.752686 -1374596.038208 
-1248097.847168 -1374650.786743 
-1248026.649658 -1374708.751831 
-1247955.806152 -1374761.864624 
-1247886.805908 -1374812.548218 
-1247815.095703 -1374859.774170 
-1247742.476074 -1374913.085327 
-1247673.781006 -1374961.446533 
-1247611.531250 -1375013.524780 
-1247566.884033 -1375038.421021 
-1247506.532471 -1375081.810913 
-1247403.499023 -1375146.593628 
-1247335.585205 -1375194.756470 
-1247282.289307 -1375231.694946 
-1247226.570313 -1375266.347656 
-1247178.663818 -1375300.664673 
-1247129.298584 -1375333.486328 
-1247083.400146 -1375366.036377 
-1247033.687012 -1375401.177368 
-1246986.500732 -1375433.547363 
-1246933.754150 -1375466.677246 
-1246876.936523 -1375505.297241 
-1246823.066895 -1375537.487183 
-1246774.409668 -1375568.163452 
-1246728.407471 -1375600.740967 
-1246680.677979 -1375630.199585 
-1246629.127686 -1375665.996704 
-1246583.729736 -1375693.908081 
-1246535.585205 -1375724.825439 
-1246484.687988 -1375761.382446 
-1246432.362549 -1375793.886719 
-1246390.168945 -1375821.935425 
-1246350.789063 -1375853.981934 
-1246308.387939 -1375889.150391 
-1246253.743164 -1375925.689087 
-1246197.914307 -1375971.334229 
-1246142.726318 -1376017.150269 
-1246083.699219 -1376067.604980 
-1246019.673340 -1376122.005615 
-1245956.758301 -1376184.649048 
-1245891.945068 -1376248.528442 
-1245830.287354 -1376311.837158 
-1245769.215576 -1376375.438843 
-1245705.439941 -1376441.185913 
-1245642.695801 -1376513.482056 
-1245575.374023 -1376585.952148 
-1245515.089600 -1376653.978882 
-1245450.959961 -1376721.904907 
-1245385.487549 -1376791.838989 
-1245353.492920 -1376830.660400 
-1245288.960449 -1376900.383911 
-1245221.241943 -1376968.670044 
-1245185.786621 -1377004.335938 
-1245147.206299 -1377041.384277 
-1245112.703125 -1377077.727661 
-1245040.406982 -1377150.707397 
-1245001.417725 -1377190.587769 
-1244925.990479 -1377263.131104 
-1244853.523438 -1377330.477295 
-1244815.107910 -1377368.563232 
-1244740.284912 -1377443.065796 
-1244700.227539 -1377474.758301 
-1244657.838623 -1377512.536011 
-1244618.806641 -1377545.714722 
-1244579.225342 -1377577.791748 
-1244540.858643 -1377610.112915 
-1244502.070801 -1377646.892700 
-1244457.081787 -1377681.032715 
-1244412.941162 -1377715.932617 
-1244373.713867 -1377749.300537 
-1244328.773682 -1377786.431274 
-1244285.066406 -1377817.485962 
-1244239.778320 -1377850.173340 
-1244199.623291 -1377883.583984 
-1244157.936279 -1377918.209229 
-1244112.434570 -1377951.708374 
-1244027.638428 -1378015.154419 
-1243977.980225 -1378053.438721 
-1243932.814209 -1378086.342773 
-1243889.277832 -1378120.498047 
-1243843.580811 -1378153.945313 
-1243798.817627 -1378190.157471 
-1243750.837891 -1378222.161255 
-1243704.884521 -1378255.602417 
-1243654.017822 -1378294.985352 
-1243604.365723 -1378331.319580 
-1243551.448242 -1378366.558228 
-1243505.653564 -1378399.663696 
-1243459.980957 -1378434.743652 
-1243413.289063 -1378467.263184 
-1243363.441650 -1378499.578247 
-1243312.074463 -1378539.223633 
-1243260.994141 -1378573.912964 
-1243209.443848 -1378608.266602 
-1243163.008301 -1378643.129883 
-1243115.437500 -1378674.096069 
-1243067.317383 -1378710.057983 
-1243015.852539 -1378745.446167 
-1242964.460938 -1378777.364502 
-1242916.755859 -1378810.662231 
-1242866.902344 -1378847.417603 
-1242822.523682 -1378874.743042 
-1242773.176758 -1378909.636841 
-1242727.589600 -1378943.886719 
-1242677.076904 -1378979.729614 
-1242624.403564 -1379010.106812 
-1242579.927246 -1379039.058838 
-1242535.164063 -1379071.849976 
-1242487.434570 -1379104.610596 
-1242441.713135 -1379134.963379 
-1242394.636719 -1379168.334351 
-1242346.589844 -1379198.943481 
-1242294.801514 -1379231.194458 
-1242250.593750 -1379261.736450 
-1242195.479004 -1379294.939575 
-1242148.201172 -1379329.931030 
-1242096.528809 -1379362.642822 
-1242007.979004 -1379420.797119 
-1241951.906006 -1379457.280884 
-1241904.847900 -1379489.199219 
-1241860.249512 -1379523.449097 
-1241812.367432 -1379555.962524 
-1241765.791504 -1379592.211304 
-1241668.727295 -1379657.729492 
-1241571.718018 -1379733.544312 
-1241528.291504 -1379768.657837 
-1241483.253662 -1379802.221069 
-1241436.604492 -1379841.524658 
-1241349.946777 -1379908.687744 
-1241294.508545 -1379952.575073 
-1241208.143799 -1380015.834961 
-1241169.215576 -1380050.237427 
-1241126.350586 -1380082.549438 
-1241077.992432 -1380118.291626 
-1241035.316650 -1380150.463257 
-1240984.401123 -1380188.298950 
-1240939.698975 -1380224.813232 
-1240891.139404 -1380261.422119 
-1240844.886963 -1380294.637451 
-1240801.649658 -1380324.700317 
-1240755.238525 -1380356.893311 
-1240709.279053 -1380388.466797 
-1240668.660156 -1380420.818481 
-1240622.346680 -1380458.898315 
-1240578.602783 -1380490.453491 
-1240524.861328 -1380527.941284 
-1240484.633057 -1380559.096680 
-1240436.342041 -1380592.406616 
-1240394.423096 -1380624.492798 
-1240345.924561 -1380662.862549 
-1240300.172607 -1380694.066772 
-1240255.592529 -1380725.966797 
-1240208.455078 -1380759.545288 
-1240163.948242 -1380794.667969 
-1240118.159668 -1380830.120239 
-1240077.266113 -1380863.656006 
-1240025.465576 -1380896.718750 
-1239983.149902 -1380930.736694 
-1239935.859863 -1380964.626465 
-1239887.532227 -1380997.402344 
-1239843.763916 -1381029.467163 
-1239798.481934 -1381060.955200 
-1239754.170410 -1381096.032104 
-1239706.849854 -1381126.360474 
-1239660.823242 -1381158.806763 
-1239610.859863 -1381194.588623 
-1239561.909668 -1381225.466309 
-1239516.426270 -1381255.028687 
-1239431.416504 -1381318.972168 
-1239380.696289 -1381355.642090 
-1239330.189697 -1381387.676392 
-1239287.867920 -1381418.673096 
-1239243.721191 -1381448.259888 
-1239197.090332 -1381477.224121 
-1239150.087158 -1381509.871826 
-1239104.243652 -1381538.771973 
-1239061.696045 -1381572.994385 
-1239001.228516 -1381607.631836 
-1238918.477051 -1381666.594849 
-1238874.409668 -1381693.078003 
-1238825.929443 -1381730.401001 
-1238778.132813 -1381762.252197 
-1238734.517090 -1381792.452393 
-1238687.275879 -1381826.693115 
-1238645.186035 -1381856.450806 
-1238600.172607 -1381891.488037 
-1238557.087891 -1381918.456421 
-1238506.282227 -1381954.628906 
-1238420.552246 -1382008.587036 
-1238376.509277 -1382041.555176 
-1238329.084961 -1382070.510254 
-1238283.430664 -1382103.597412 
-1238237.355225 -1382132.686768 
-1238198.048584 -1382164.165649 
-1238142.738525 -1382195.208130 
-1238053.462402 -1382258.855591 
-1238009.510986 -1382289.135132 
-1237967.000000 -1382320.900879 
-1237915.889160 -1382351.033936 
-1237873.744385 -1382384.340820 
-1237822.920410 -1382417.424927 
-1237780.513184 -1382446.853027 
-1237694.728271 -1382504.766235 
-1237642.390625 -1382536.998901 
-1237598.304932 -1382567.601929 
-1237552.687256 -1382599.352417 
-1237508.278076 -1382633.220825 
-1237463.612549 -1382665.038452 
-1237414.503662 -1382697.442017 
-1237371.345703 -1382732.061157 
-1237330.562012 -1382762.465820 
-1237278.419678 -1382800.893555 
-1237235.652344 -1382829.412231 
-1237188.081543 -1382858.788452 
-1237146.095459 -1382891.436157 
-1237096.449463 -1382925.499878 
-1237051.222412 -1382958.052979 
-1237004.670898 -1382985.906372 
-1236952.125732 -1383023.592529 
-1236911.085693 -1383052.294312 
-1236864.912598 -1383087.111816 
-1236773.359863 -1383160.085449 
-1236727.766602 -1383191.994629 
-1236681.965820 -1383218.843994 
-1236639.149658 -1383254.885254 
-1236546.980469 -1383326.937256 
-1236504.005615 -1383357.979736 
-1236454.188721 -1383394.384155 
-1236408.540527 -1383424.624023 
-1236365.950195 -1383456.997070 
-1236325.416748 -1383490.059814 
-1236280.635254 -1383519.780884 
-1236227.803223 -1383559.844360 
-1236183.424561 -1383590.505371 
-1236140.339844 -1383617.406616 
-1236089.131348 -1383659.539185 
-1236033.381836 -1383692.644653 
-1235948.884766 -1383750.606689 
-1235893.965332 -1383787.859497 
-1235845.936768 -1383829.296265 
-1235799.122803 -1383858.464966 
-1235752.516357 -1383888.598022 
-1235706.031982 -1383925.216064 
-1235647.810547 -1383961.208496 
-1235563.740723 -1384021.120605 
-1235513.997070 -1384055.751953 
-1235465.327637 -1384090.206299 
-1235415.486328 -1384119.487915 
-1235365.663330 -1384150.469360 
-1235311.970703 -1384185.796509 
-1235260.402100 -1384219.631348 
-1235213.246338 -1384252.636108 
-1235162.611572 -1384287.008057 
-1235115.022461 -1384317.647705 
-1235050.666992 -1384364.003906 
-1235004.463379 -1384391.088257 
-1234957.228271 -1384420.296631 
-1234858.009521 -1384489.394531 
-1234810.292236 -1384517.095337 
-1234759.755127 -1384552.678833 
-1234703.425781 -1384582.918701 
-1234657.661621 -1384612.435303 
-1234607.441895 -1384643.270264 
-1234560.157959 -1384673.253784 
-1234510.701172 -1384710.524902 
-1234461.958496 -1384736.751709 
-1234408.583252 -1384777.541504 
-1234317.469971 -1384830.422363 
-1234266.444580 -1384858.959351 
-1234205.720703 -1384900.988159 
-1234119.203369 -1384950.789795 
-1234052.162354 -1384987.569580 
-1233923.890869 -1385066.451416 
-1233814.021484 -1385136.007080 
-1233767.268555 -1385162.557373 
-1233666.645996 -1385225.228271 
-1233620.784180 -1385252.980957 
-1233564.552490 -1385293.129883 
-1233519.154541 -1385333.040771 
-1233465.339844 -1385367.742310 
-1233415.742676 -1385398.290405 
-1233363.453857 -1385428.035889 
-1233316.664307 -1385453.096924 
-1233270.070068 -1385485.567627 
-1233211.610596 -1385525.228271 
-1233166.432373 -1385552.282104 
-1233120.112793 -1385579.036865 
-1233062.642090 -1385614.739380 
-1233018.934814 -1385641.762695 
-1232953.968994 -1385679.836426 
-1232909.510986 -1385704.808960 
-1232865.217773 -1385737.731323 
-1232814.454834 -1385776.799927 
-1232768.263428 -1385805.416260 
-1232718.483154 -1385842.785034 
-1232632.856934 -1385897.628174 
-1232584.077637 -1385921.059570 
-1232517.958252 -1385959.645996 
-1232466.414063 -1385998.195801 
-1232420.399658 -1386029.885254 
-1232370.833008 -1386063.912354 
-1232324.122803 -1386093.776855 
-1232270.649902 -1386125.814209 
-1232226.472656 -1386158.760986 
-1232178.657715 -1386191.030273 
-1232133.467285 -1386220.736084 
-1232086.049072 -1386252.321777 
-1232045.460693 -1386284.234009 
-1231980.726807 -1386326.204834 
-1231936.207764 -1386355.748901 
-1231884.309570 -1386388.689575 
-1231839.125244 -1386419.716797 
-1231791.359131 -1386447.518311 
-1231742.213623 -1386479.476318 
-1231694.160645 -1386517.205200 
-1231640.754883 -1386551.613770 
-1231551.100342 -1386614.626465 
-1231507.924072 -1386652.712402 
-1231457.979004 -1386680.397949 
-1231408.638184 -1386714.531860 
-1231362.159912 -1386749.770508 
-1231305.775635 -1386783.211670 
-1231253.614990 -1386819.616089 
-1231203.859131 -1386854.656372 
-1231157.594482 -1386882.811890 
-1231108.271973 -1386924.538574 
-1231053.602783 -1386950.292358 
-1231003.022949 -1386988.918457 
-1230954.469482 -1387014.696655 
-1230909.834473 -1387049.553833 
-1230848.298828 -1387084.588013 
-1230801.246826 -1387115.004883 
-1230756.599609 -1387144.564209 
-1230710.176270 -1387171.386108 
-1230661.128418 -1387206.237183 
-1230601.045410 -1387236.208496 
-1230553.956787 -1387264.888916 
-1230501.484863 -1387303.725586 
-1230453.682129 -1387332.814941 
-1230406.660645 -1387368.203125 
-1230356.801025 -1387391.286621 
-1230301.869385 -1387425.777588 
-1230253.206055 -1387455.278931 
-1230199.360840 -1387490.142212 
-1230146.187012 -1387515.139160 
-1230097.914307 -1387547.506104 
-1230053.370850 -1387574.495850 
-1230001.997559 -1387604.656372 
-1229951.851074 -1387638.002930 
-1229855.189697 -1387696.865234 
-1229805.409424 -1387730.111084 
-1229752.406494 -1387763.433228 
-1229703.218262 -1387795.810852 
-1229653.724854 -1387827.323303 
-1229603.413574 -1387858.167419 
-1229550.502197 -1387891.440735 
-1229504.445068 -1387920.498047 
-1229452.424805 -1387952.744446 
-1229405.439941 -1387989.612732 
-1229350.361816 -1388023.525391 
-1229307.106201 -1388053.089294 
-1229258.851807 -1388082.892761 
-1229205.146973 -1388121.561584 
-1229157.917969 -1388153.179321 
-1229102.430908 -1388183.999023 
-1229018.977539 -1388234.607849 
-1228955.409424 -1388277.439270 
-1228903.114502 -1388308.869324 
-1228856.044189 -1388343.021545 
-1228758.302490 -1388410.764465 
-1228708.162109 -1388435.212097 
-1228658.571045 -1388466.945801 
-1228609.523193 -1388499.785767 
-1228562.452881 -1388537.516174 
-1228506.044189 -1388569.390259 
-1228456.855957 -1388599.743042 
-1228411.055176 -1388631.000671 
-1228362.397949 -1388664.719543 
-1228312.520020 -1388691.945801 
-1228259.425537 -1388722.013245 
-1228208.558838 -1388756.183777 
-1228160.530273 -1388792.099915 
-1228108.119385 -1388820.748291 
-1228063.478271 -1388853.440247 
-1228008.473389 -1388886.824951 
-1227956.947510 -1388916.857300 
-1227910.731689 -1388945.720825 
-1227859.230225 -1388978.736267 
-1227805.165283 -1389010.569153 
-1227754.786865 -1389041.883240 
-1227703.212158 -1389076.200256 
-1227652.815430 -1389104.209290 
-1227604.475586 -1389138.250122 
-1227554.200928 -1389166.927490 
-1227506.361572 -1389196.575317 
-1227449.543945 -1389229.464111 
-1227402.998535 -1389257.334290 
-1227338.398926 -1389295.435486 
-1227243.177979 -1389355.068359 
-1227200.178711 -1389381.946716 
-1227148.365967 -1389411.173401 
-1227099.202148 -1389441.901550 
-1227050.520508 -1389472.248230 
-1226995.863525 -1389499.999390 
-1226951.991455 -1389528.557739 
-1226896.388428 -1389560.506592 
-1226797.700684 -1389619.254456 
-1226747.505371 -1389648.871765 
-1226697.303955 -1389679.429016 
-1226651.460449 -1389708.828125 
-1226598.835938 -1389736.977539 
-1226551.466553 -1389770.700989 
-1226502.839844 -1389799.247131 
-1226447.419922 -1389834.235535 
-1226400.074951 -1389865.149841 
-1226348.188965 -1389896.596680 
-1226301.698486 -1389923.540649 
-1226248.738281 -1389957.485352 
-1226206.880371 -1389986.467896 
-1226150.129883 -1390025.496826 
-1226096.382324 -1390059.775696 
-1226045.802490 -1390089.705811 
-1225991.340820 -1390129.517517 
-1225945.247070 -1390158.867798 
-1225859.053223 -1390213.031921 
-1225812.843506 -1390243.300781 
-1225766.743652 -1390278.710327 
-1225661.976807 -1390351.267395 
-1225573.134033 -1390409.345398 
-1225526.979248 -1390441.414795 
-1225473.036377 -1390480.794678 
-1225423.597900 -1390516.593323 
-1225381.031982 -1390550.975952 
-1225331.678955 -1390583.042297 
-1225243.739502 -1390646.091614 
-1225196.742432 -1390678.049622 
-1225150.740234 -1390713.749084 
-1225103.376953 -1390748.519287 
-1224998.689453 -1390821.061096 
-1224953.755371 -1390853.003845 
-1224888.368408 -1390892.742310 
-1224846.986572 -1390923.845825 
-1224797.322266 -1390956.267700 
-1224738.112061 -1390997.147522 
-1224688.105957 -1391028.931580 
-1224643.141357 -1391058.764038 
-1224581.996338 -1391102.353821 
-1224532.588379 -1391131.426392 
-1224485.884277 -1391161.689148 
-1224437.733643 -1391190.844116 
-1224392.341797 -1391217.458496 
-1224332.661621 -1391256.057129 
-1224281.880371 -1391287.868652 
-1224188.984863 -1391344.042358 
-1224143.153564 -1391372.396240 
-1224091.932861 -1391403.656921 
-1224045.033447 -1391431.420288 
-1223995.277588 -1391461.509094 
-1223944.532959 -1391491.260681 
-1223898.396484 -1391519.513855 
-1223841.645996 -1391553.273926 
-1223745.100586 -1391611.255798 
-1223697.499268 -1391640.351257 
-1223646.748535 -1391670.710144 
-1223552.534668 -1391731.171570 
-1223437.043945 -1391803.827820 
-1223392.463867 -1391831.958923 
-1223294.410889 -1391893.778381 
-1223246.864502 -1391924.865112 
-1223196.840088 -1391956.493530 
-1223146.534912 -1391990.276489 
-1223088.179199 -1392025.702820 
-1222999.287598 -1392083.100281 
-1222948.414795 -1392114.556274 
-1222901.796143 -1392146.418152 
-1222855.299561 -1392175.339661 
-1222769.349854 -1392230.732117 
-1222706.190674 -1392271.244202 
-1222650.709717 -1392306.923828 
-1222602.620117 -1392336.812744 
-1222534.248535 -1392377.390442 
-1222486.458008 -1392409.331665 
-1222435.444824 -1392440.216980 
-1222380.537598 -1392475.966797 
-1222332.313721 -1392505.834351 
-1222283.302490 -1392535.253296 
-1222233.528320 -1392565.659485 
-1222184.944336 -1392596.563110 
-1222134.700195 -1392624.485168 
-1222086.421387 -1392654.694519 
-1222030.323975 -1392688.579712 
-1221985.084717 -1392716.459045 
-1221921.797363 -1392752.863464 
-1221867.335693 -1392785.093079 
-1221824.031250 -1392810.903320 
-1221773.420898 -1392841.124878 
-1221721.083252 -1392872.017822 
-1221670.814697 -1392900.678406 
-1221626.429932 -1392927.320251 
-1221581.733887 -1392952.347717 
-1221531.007568 -1392982.921753 
-1221476.387207 -1393013.804016 
-1221427.961914 -1393043.522034 
-1221367.964355 -1393078.591309 
-1221324.086182 -1393105.458984 
-1221267.244141 -1393140.340576 
-1221215.956299 -1393172.271118 
-1221165.944092 -1393201.508484 
-1221118.910400 -1393231.551514 
-1221066.633789 -1393263.253174 
-1221018.696777 -1393292.020569 
-1220961.989014 -1393327.219543 
-1220909.962646 -1393359.514771 
-1220857.423584 -1393392.269287 
-1220800.337402 -1393428.035889 
-1220746.254150 -1393460.988770 
-1220687.306396 -1393499.634705 
-1220638.588135 -1393529.645691 
-1220590.077393 -1393559.739075 
-1220537.654297 -1393592.934570 
-1220487.190430 -1393623.165283 
-1220436.055176 -1393655.018005 
-1220387.751953 -1393684.450684 
-1220340.382568 -1393711.791382 
-1220285.078613 -1393745.726929 
-1220236.079590 -1393775.046692 
-1220184.846680 -1393804.921875 
-1220129.536621 -1393838.277588 
-1220081.984131 -1393865.821228 
-1220033.265869 -1393894.599304 
-1219983.735840 -1393923.665771 
-1219931.202881 -1393955.722961 
-1219881.080811 -1393986.220703 
-1219829.530518 -1394017.617188 
-1219782.093994 -1394045.247803 
-1219731.849854 -1394076.058350 
-1219679.567139 -1394107.091675 
-1219631.007568 -1394137.391052 
-1219582.454102 -1394167.208252 
-1219534.199707 -1394197.083435 
-1219482.753174 -1394229.094849 
-1219434.492676 -1394258.796082 
-1219382.344238 -1394291.718445 
-1219333.729736 -1394322.922668 
-1219276.161377 -1394359.822998 
-1219227.137939 -1394391.851196 
-1219180.720703 -1394422.342834 
-1219135.572998 -1394451.394043 
-1219081.849854 -1394486.596069 
-1219037.294189 -1394514.638672 
-1218985.963623 -1394546.857605 
-1218931.965820 -1394582.111511 
-1218885.316650 -1394611.980591 
-1218835.847656 -1394642.678223 
-1218784.962646 -1394672.844849 
-1218735.865967 -1394704.023132 
-1218676.417725 -1394741.170654 
-1218628.322021 -1394770.839844 
-1218581.715576 -1394799.495850 
-1218537.953369 -1394824.591980 
-1218476.619141 -1394861.408386 
-1218427.656738 -1394889.110718 
-1218376.387207 -1394918.129883 
-1218332.100098 -1394943.575439 
-1218283.143799 -1394970.389709 
-1218225.551025 -1395001.189575 
-1218171.895020 -1395031.629333 
-1218124.507324 -1395058.161316 
-1218074.373047 -1395084.728394 
-1217959.498779 -1395147.768555 
-1217907.728760 -1395175.647888 
-1217802.809326 -1395232.750854 
-1217752.070801 -1395261.022339 
-1217650.428955 -1395316.137085 
-1217550.294678 -1395371.659241 
-1217500.148193 -1395399.526367 
-1217448.481934 -1395426.360474 
-1217399.708740 -1395452.440796 
-1217348.207275 -1395481.359253 
-1217301.765625 -1395506.775818 
-1217249.873535 -1395535.524902 
-1217202.058594 -1395560.648499 
-1217154.872314 -1395587.308655 
-1217103.114502 -1395614.319763 
-1217055.330078 -1395641.262207 
-1217005.018799 -1395669.690857 
-1216954.695313 -1395697.243652 
-1216909.871094 -1395721.619568 
-1216858.149902 -1395750.270996 
-1216809.163086 -1395776.549683 
-1216762.336914 -1395802.993164 
-1216713.514893 -1395829.566345 
-1216664.839355 -1395856.862793 
-1216618.501465 -1395882.337341 
-1216569.374268 -1395909.388123 
-1216523.274414 -1395934.645996 
-1216473.481934 -1395962.653503 
-1216429.396240 -1395989.479980 
-1216381.739990 -1396015.989075 
-1216335.328857 -1396040.737305 
-1216288.618652 -1396066.970215 
-1216197.029297 -1396118.074951 
-1216150.947754 -1396143.607483 
-1216103.511230 -1396169.080505 
-1216058.033936 -1396194.954834 
-1216011.464111 -1396221.071777 
-1215963.496582 -1396246.698914 
-1215916.987793 -1396271.590576 
-1215871.705811 -1396298.026428 
-1215825.398438 -1396321.882019 
-1215736.738770 -1396370.702515 
-1215689.961426 -1396394.152222 
-1215598.738281 -1396444.481812 
-1215507.478516 -1396489.977417 
-1215423.115723 -1396536.188660 
-1215375.203125 -1396560.422668 
-1215286.421387 -1396606.034241 
-1215198.951904 -1396650.040588 
-1215153.462402 -1396672.141418 
-1215063.856689 -1396717.334900 
-1214976.649658 -1396761.103210 
-1214884.065430 -1396804.274902 
-1214798.420898 -1396846.540222 
-1214711.317627 -1396889.638672 
-1214622.749512 -1396932.634888 
-1214534.834473 -1396973.088989 
-1214489.741699 -1396996.575317 
-1214404.512207 -1397032.433472 
-1214319.685547 -1397075.025330 
-1214237.367432 -1397114.408264 
-1214190.236084 -1397135.392151 
-1214103.395264 -1397175.811157 
-1214018.647949 -1397215.238342 
-1213932.179443 -1397254.410706 
-1213846.235840 -1397294.864807 
-1213761.061279 -1397336.628113 
-1213679.396240 -1397375.945435 
-1213597.566406 -1397416.614685 
-1213512.422363 -1397457.703552 
-1213431.270020 -1397498.159180 
-1213351.448242 -1397538.961182 
-1213270.454590 -1397579.419861 
-1213186.952393 -1397617.293701 
-1213109.718506 -1397658.959351 
-1213033.003418 -1397698.475037 
-1212951.326172 -1397736.106262 
-1212873.091309 -1397777.408752 
-1212793.879883 -1397817.368469 
-1212710.841553 -1397859.572754 
-1212630.873291 -1397902.037964 
-1212553.688232 -1397943.322144 
-1212480.854980 -1397984.258423 
-1212406.538574 -1398022.483215 
-1212335.035889 -1398064.188538 
-1212261.488525 -1398107.111511 
-1212188.368408 -1398147.786865 
-1212113.264648 -1398191.510925 
-1212044.850342 -1398230.953369 
-1211974.794189 -1398273.320923 
-1211905.549805 -1398316.529236 
-1211837.239258 -1398360.587463 
-1211764.833252 -1398404.229126 
-1211702.485840 -1398446.422729 
-1211637.056152 -1398490.578613 
-1211571.608154 -1398535.335693 
-1211504.677002 -1398580.121765 
-1211440.046875 -1398626.285706 
-1211381.288330 -1398667.904053 
-1211316.877930 -1398712.165222 
-1211251.100342 -1398761.235962 
-1211190.840332 -1398808.271179 
-1211131.178467 -1398852.808533 
-1211070.253174 -1398895.789490 
-1211010.414307 -1398940.688477 
-1210953.657715 -1398980.236206 
-1210895.759766 -1399021.482239 
-1210834.651367 -1399064.139709 
-1210778.773682 -1399103.234253 
-1210718.605225 -1399139.568481 
-1210663.850586 -1399176.023254 
-1210607.563965 -1399211.850891 
-1210547.725098 -1399246.581421 
-1210490.278809 -1399280.550537 
-1210433.424561 -1399311.692200 
-1210379.359619 -1399341.341553 
-1210332.539551 -1399366.478882 
-1210282.472412 -1399392.405090 
-1210222.535889 -1399422.564087 
-1210168.080322 -1399449.508057 
-1210121.888916 -1399470.096741 
-1210070.912354 -1399494.400940 
-1210024.861328 -1399516.889343 
-1209974.312012 -1399540.151367 
-1209923.842041 -1399562.412415 
-1209872.780029 -1399583.522949 
-1209822.102539 -1399605.272827 
-1209774.714844 -1399625.699768 
-1209727.559082 -1399647.588501 
-1209681.309692 -1399669.547424 
-1209630.867188 -1399689.667664 
-1209579.390137 -1399711.313782 
-1209532.667725 -1399731.992493 
-1209484.517090 -1399750.483093 
-1209430.882446 -1399773.417053 
-1209383.738892 -1399794.901428 
-1209335.423462 -1399816.748962 
-1209281.205933 -1399839.393005 
-1209229.091064 -1399864.510498 
-1209277.546875 -1399841.248474 
-1209324.205200 -1399821.804199 
-1209376.201050 -1399800.264893 
-1209423.033325 -1399781.864319 
-1209471.229736 -1399763.608704 
-1209523.777954 -1399744.562683 
-1209579.243652 -1399725.777588 
-1209628.822510 -1399708.966980 
-1209678.743164 -1399686.545715 
-1209730.354492 -1399660.512695 
-1209773.530762 -1399632.439575 
-1209821.327393 -1399605.368958 
-1209867.207520 -1399575.930176 
-1209913.502686 -1399551.233826 
-1209965.474121 -1399519.329224 
-1210015.303223 -1399489.548645 
-1210063.936035 -1399459.003601 
-1210117.695801 -1399428.437195 
-1210167.531006 -1399398.607788 
-1210210.389893 -1399370.578918 
-1210260.945313 -1399342.189941 
-1210306.038086 -1399313.874207 
-1210354.377930 -1399284.981689 
-1210398.573486 -1399255.903015 
-1210353.096191 -1399285.250244 
-1210297.639648 -1399309.502563 
-1210233.729736 -1399324.810181 
-1210180.116455 -1399315.456543 
-1210126.173584 -1399297.277222 
-1210075.648682 -1399283.370361 
-1210026.002686 -1399268.786011 
-1209972.322266 -1399251.679382 
-1209915.498535 -1399230.420837 
-1209856.227295 -1399206.331787 
-1209790.852539 -1399181.557617 
-1209723.130981 -1399163.723145 
-1209646.888916 -1399146.820984 
-1209591.871826 -1399134.208069 
-1209536.964600 -1399130.434570 
-1209458.482544 -1399132.628784 
-1209408.241455 -1399140.224609 
-1209357.637207 -1399154.052124 
-1209305.555908 -1399169.288025 
-1209249.064819 -1399186.156616 
-1209198.481934 -1399205.133972 
-1209141.536133 -1399228.704224 
-1209083.122437 -1399252.512512 
-1209018.181030 -1399277.944336 
-1208956.120483 -1399307.264099 
-1208886.244385 -1399338.419495 
-1208819.832031 -1399369.916687 
-1208745.051758 -1399406.423340 
-1208668.928711 -1399447.208557 
-1208587.248413 -1399484.415588 
-1208513.060181 -1399521.431885 
-1208434.007446 -1399559.194336 
-1208354.435913 -1399603.087769 
-1208307.209961 -1399619.732056 
-1208245.506470 -1399658.689270 
-1208155.333130 -1399702.880249 
-1208098.582642 -1399732.811890 
-1208012.700073 -1399771.938477 
-1207962.550537 -1399793.940125 
-1207880.806152 -1399837.717590 
-1207789.512817 -1399882.528076 
-1207709.364502 -1399923.818359 
-1207617.363159 -1399968.746338 
-1207535.261719 -1400012.606201 
-1207449.736206 -1400054.277954 
-1207402.516357 -1400079.268799 
-1207319.066040 -1400123.442993 
-1207232.625000 -1400171.355591 
-1207153.883545 -1400213.935242 
-1207106.984131 -1400236.158142 
-1207036.549561 -1400273.218689 
-1206959.123413 -1400313.536987 
-1206884.025757 -1400356.546936 
-1206810.310547 -1400395.208130 
-1206739.250366 -1400430.300293 
-1206676.982300 -1400467.328796 
-1206608.986084 -1400508.704529 
-1206547.206299 -1400546.108398 
-1206483.510010 -1400585.771332 
-1206424.083130 -1400627.953491 
-1206359.919922 -1400673.642120 
-1206301.579468 -1400716.608582 
-1206248.588745 -1400760.851440 
-1206191.420166 -1400806.980286 
-1206147.322266 -1400854.029236 
-1206096.394531 -1400900.980530 
-1206050.621216 -1400949.967346 
-1206006.675903 -1401001.230774 
-1205963.954346 -1401048.304901 
-1205920.466797 -1401098.402557 
-1205882.447998 -1401148.093567 
-1205843.211548 -1401194.070587 
-1205804.606812 -1401243.036804 
-1205763.206665 -1401285.662231 
-1205727.446167 -1401328.308258 
-1205687.965576 -1401370.100555 
-1205633.955566 -1401424.574432 
-1205579.054443 -1401468.545685 
-1205521.058838 -1401508.937225 
-1205468.330566 -1401546.959076 
-1205413.902466 -1401573.179016 
-1205361.116211 -1401604.256592 
-1205310.740845 -1401630.436859 
-1205257.682983 -1401659.262238 
-1205209.453003 -1401680.123291 
-1205163.545410 -1401705.192719 
-1205113.279907 -1401731.688843 
-1205053.724854 -1401761.600647 
-1204988.926880 -1401789.919434 
-1204943.733398 -1401815.841064 
-1204889.994995 -1401843.268738 
-1204830.348389 -1401871.035919 
-1204763.109009 -1401902.172241 
-1204694.661133 -1401936.939392 
-1204621.388428 -1401969.536743 
-1204555.113403 -1402002.221069 
-1204480.812256 -1402036.421356 
-1204410.933105 -1402071.543274 
-1204337.642090 -1402106.253204 
-1204263.252441 -1402140.187225 
-1204185.771362 -1402173.711548 
-1204107.209961 -1402210.833893 
-1204031.105225 -1402245.865021 
-1203944.093506 -1402284.475861 
-1203870.167725 -1402319.123230 
-1203782.338135 -1402356.842957 
-1203696.296875 -1402393.889008 
-1203609.343140 -1402431.142578 
-1203523.549072 -1402468.512115 
-1203430.989258 -1402508.608398 
-1203337.364380 -1402546.071777 
-1203291.075317 -1402565.416107 
-1203239.827148 -1402587.529144 
-1203186.552612 -1402608.226166 
-1203092.677490 -1402652.146301 
-1202991.880981 -1402696.175537 
-1202942.112915 -1402721.443329 
-1202890.864746 -1402742.937622 
-1202835.011475 -1402767.294464 
-1202730.674927 -1402816.855774 
-1202674.870483 -1402842.933807 
-1202622.630493 -1402866.983185 
-1202565.706055 -1402894.619141 
-1202514.375488 -1402920.950470 
-1202461.445801 -1402947.097931 
-1202408.421509 -1402971.457825 
-1202351.100342 -1402998.136292 
-1202296.656982 -1403021.878204 
-1202244.111816 -1403045.960388 
-1202184.230225 -1403070.662842 
-1202129.219238 -1403095.077667 
-1202075.248901 -1403120.163879 
-1201964.222900 -1403164.491425 
-1201914.854614 -1403186.290894 
-1201857.777588 -1403211.045990 
-1201804.207031 -1403233.217773 
-1201749.464600 -1403255.021820 
-1201696.824829 -1403277.764282 
-1201643.660156 -1403299.417267 
-1201589.259521 -1403322.401581 
-1201535.121338 -1403344.893799 
-1201483.171265 -1403366.027985 
-1201425.175659 -1403389.291534 
-1201371.367065 -1403411.557159 
-1201313.203613 -1403433.258972 
-1201263.060181 -1403453.572235 
-1201207.139771 -1403475.348816 
-1201152.848999 -1403495.983276 
-1201097.447388 -1403517.009888 
-1201041.304199 -1403538.684235 
-1200986.226074 -1403559.523163 
-1200928.178589 -1403583.645782 
-1200876.594727 -1403603.066406 
-1200817.970459 -1403625.706635 
-1200709.224121 -1403667.176971 
-1200657.625000 -1403687.089691 
-1200593.788330 -1403708.202515 
-1200542.796509 -1403727.825317 
-1200483.213989 -1403750.959167 
-1200433.540527 -1403769.108734 
-1200381.657593 -1403788.640747 
-1200327.635376 -1403810.335693 
-1200266.221802 -1403834.220276 
-1200207.496826 -1403858.410034 
-1200155.644409 -1403881.185303 
-1200104.030029 -1403898.822174 
-1200048.430054 -1403923.247681 
-1199997.682373 -1403944.175110 
-1199942.164795 -1403967.267761 
-1199891.377441 -1403988.244781 
-1199836.201660 -1404011.281738 
-1199781.633179 -1404034.021912 
-1199731.569092 -1404056.269989 
-1199680.803101 -1404079.091034 
-1199620.604126 -1404105.641327 
-1199568.571655 -1404129.256592 
-1199513.685791 -1404152.317963 
-1199462.208740 -1404176.734314 
-1199406.941406 -1404202.002106 
-1199354.567139 -1404225.299988 
-1199299.437134 -1404250.312195 
-1199249.202148 -1404272.276459 
-1199197.712891 -1404295.197449 
-1199141.081421 -1404319.725189 
-1199088.820068 -1404343.110809 
-1199034.529297 -1404364.808044 
-1198978.199951 -1404386.396942 
-1198924.760620 -1404406.579742 
-1198874.318115 -1404427.255402 
-1198819.947998 -1404448.648224 
-1198765.135376 -1404469.858704 
-1198708.983032 -1404489.586029 
-1198655.439941 -1404510.360870 
-1198600.422852 -1404531.118164 
-1198546.528809 -1404552.741394 
-1198489.186279 -1404574.566040 
-1198431.971924 -1404597.363434 
-1198378.804199 -1404619.746552 
-1198325.053589 -1404641.081390 
-1198271.510498 -1404664.423523 
-1198212.928955 -1404687.206421 
-1198160.954468 -1404709.962616 
-1198100.328247 -1404734.353790 
-1198049.385254 -1404755.137024 
-1197994.014160 -1404778.344879 
-1197939.247314 -1404802.734528 
-1197887.318604 -1404821.290741 
-1197829.673950 -1404846.236572 
-1197776.710693 -1404866.703186 
-1197722.111694 -1404890.753326 
-1197662.257568 -1404913.289032 
-1197611.360352 -1404933.970795 
-1197555.906860 -1404954.673157 
-1197503.633301 -1404974.163971 
-1197450.984375 -1404994.912109 
-1197396.220581 -1405014.536438 
-1197338.441650 -1405036.004791 
-1197282.036011 -1405055.421600 
-1197228.190796 -1405076.411591 
-1197173.896973 -1405096.265564 
-1197116.700928 -1405115.867767 
-1197059.507935 -1405136.577759 
-1197000.840942 -1405156.247101 
-1196941.829102 -1405177.488098 
-1196889.116089 -1405194.478760 
-1196832.988159 -1405215.567169 
-1196774.778931 -1405235.601196 
-1196724.543945 -1405253.200684 
-1196663.298218 -1405275.090179 
-1196611.384766 -1405293.811951 
-1196555.345337 -1405312.842712 
-1196499.202148 -1405333.800659 
-1196436.467163 -1405355.859528 
-1196386.085693 -1405375.269470 
-1196325.944702 -1405397.097168 
-1196276.973145 -1405415.496979 
-1196213.957397 -1405438.284454 
-1196165.635864 -1405456.511078 
-1196104.466431 -1405478.860626 
-1196051.204102 -1405498.954163 
-1195991.011230 -1405519.767151 
-1195883.461182 -1405560.203705 
-1195829.701416 -1405580.700836 
-1195773.738281 -1405601.146088 
-1195715.483276 -1405623.315582 
-1195613.084595 -1405660.479126 
-1195563.606445 -1405680.088959 
-1195499.089233 -1405704.403076 
-1195450.999634 -1405722.184906 
-1195387.230103 -1405745.543823 
-1195288.841431 -1405782.601318 
-1195237.401001 -1405800.950775 
-1195170.735352 -1405825.657806 
-1195120.234863 -1405844.799194 
-1195061.204712 -1405867.936859 
-1195007.988159 -1405886.865387 
-1194952.156250 -1405906.880341 
-1194893.394653 -1405928.788147 
-1194844.880859 -1405947.020111 
-1194791.749756 -1405967.226563 
-1194737.959473 -1405986.522827 
-1194683.412354 -1406005.941162 
-1194624.638550 -1406025.412140 
-1194571.556274 -1406045.039520 
-1194516.990845 -1406063.484344 
-1194462.419312 -1406083.723602 
-1194405.638306 -1406104.644928 
-1194350.767700 -1406122.760925 
-1194297.245972 -1406141.626892 
-1194243.910400 -1406158.701477 
-1194187.007324 -1406176.645813 
-1194128.230469 -1406195.535431 
-1194064.875977 -1406215.835724 
-1194012.431519 -1406233.573303 
-1193956.190674 -1406250.522766 
-1193840.565674 -1406286.282501 
-1193786.354248 -1406302.089844 
-1193732.109253 -1406317.108307 
-1193679.945557 -1406333.283386 
-1193620.787231 -1406349.784241 
-1193554.060547 -1406369.854889 
-1193497.142212 -1406385.288391 
-1193429.829590 -1406404.361877 
-1193327.009766 -1406434.163818 
-1193218.858521 -1406465.421448 
-1193106.291382 -1406498.973999 
-1192990.474121 -1406536.329041 
-1192882.441895 -1406572.886810 
-1192827.696411 -1406590.970764 
-1192771.431152 -1406610.013733 
-1192715.117065 -1406629.174194 
-1192655.174438 -1406650.486145 
-1192596.714966 -1406671.023712 
-1192542.659180 -1406690.252838 
-1192487.574951 -1406708.815918 
-1192433.250610 -1406728.347168 
-1192378.755371 -1406746.638641 
-1192317.076294 -1406767.857513 
-1192260.432617 -1406785.533295 
-1192203.117554 -1406805.875549 
-1192145.329468 -1406827.755890 
-1192091.697876 -1406845.089111 
-1192033.668701 -1406863.108215 
-1191969.420044 -1406885.877380 
-1191916.938965 -1406904.464874 
-1191858.329956 -1406924.556122 
-1191804.384033 -1406942.946777 
-1191749.241821 -1406962.070618 
-1191689.024536 -1406983.846436 
-1191636.165039 -1407002.997360 
-1191583.088867 -1407021.466980 
-1191526.762573 -1407042.102966 
-1191471.864502 -1407062.443695 
-1191416.563599 -1407081.979904 
-1191355.790894 -1407103.992233 
-1191304.252808 -1407123.225555 
-1191251.265137 -1407142.543564 
-1191200.059692 -1407161.947784 
-1191144.301025 -1407181.851730 
-1191089.970581 -1407200.962601 
-1191031.260864 -1407224.522934 
-1190977.363770 -1407243.653641 
-1190913.337891 -1407266.836319 
-1190855.293457 -1407286.863480 
-1190792.021362 -1407310.154495 
-1190740.233032 -1407328.946075 
-1190682.142822 -1407349.745331 
-1190627.031128 -1407367.779694 
-1190573.402588 -1407387.231979 
-1190520.567505 -1407405.392227 
-1190459.153931 -1407426.185379 
-1190405.888550 -1407443.882904 
-1190350.941650 -1407461.557541 
-1190297.932617 -1407478.887711 
-1190236.775391 -1407497.377167 
-1190177.510254 -1407514.346466 
-1190122.624390 -1407531.846390 
-1190067.344849 -1407546.378098 
-1190001.509277 -1407568.073425 
-1189946.052734 -1407583.284149 
-1189890.464966 -1407599.093399 
-1189832.573120 -1407615.207825 
-1189779.414551 -1407629.974899 
-1189715.840332 -1407648.009644 
-1189661.842529 -1407662.712631 
-1189605.601685 -1407676.980362 
-1189544.941895 -1407693.112717 
-1189487.111084 -1407707.861099 
-1189430.357544 -1407723.987732 
-1189374.974243 -1407737.903366 
-1189312.297241 -1407754.694901 
-1189253.453247 -1407768.343887 
-1189197.758667 -1407786.713181 
-1189142.061035 -1407800.655136 
-1189088.362305 -1407816.147385 
-1189027.983276 -1407830.777893 
-1188973.701660 -1407845.681915 
-1188918.986694 -1407860.724792 
-1188865.608398 -1407874.469528 
-1188802.110474 -1407891.599045 
-1188746.141235 -1407906.078873 
-1188687.449829 -1407920.737228 
-1188633.195679 -1407936.473618 
-1188568.089478 -1407955.569229 
-1188517.534058 -1407968.563614 
-1188459.730713 -1407987.509308 
-1188404.997437 -1408002.716217 
-1188352.772705 -1408018.518982 
-1188291.594116 -1408036.484299 
-1188228.285400 -1408055.373154 
-1188175.413696 -1408071.300278 
-1188121.138184 -1408089.103088 
-1188061.833374 -1408107.839355 
-1188001.844971 -1408125.853500 
-1187948.005859 -1408143.358383 
-1187896.690552 -1408159.887848 
-1187833.842651 -1408183.989105 
-1187774.794189 -1408201.882324 
-1187721.034424 -1408221.829376 
-1187664.430420 -1408240.691910 
-1187608.781616 -1408260.596237 
-1187555.449097 -1408280.811462 
-1187499.366943 -1408299.963150 
-1187448.771851 -1408318.145905 
-1187390.080444 -1408339.955673 
-1187335.933105 -1408357.849655 
-1187282.438843 -1408375.939331 
-1187225.459473 -1408397.021637 
-1187170.692627 -1408415.138016 
-1187107.283203 -1408437.413177 
-1187052.806274 -1408454.887161 
-1186996.092407 -1408475.276337 
-1186946.162598 -1408492.869339 
-1186884.001343 -1408513.281784 
-1186830.510132 -1408531.444702 
-1186776.503174 -1408549.893723 
-1186718.504517 -1408569.027100 
-1186656.529419 -1408588.302765 
-1186597.447388 -1408607.487640 
-1186541.633789 -1408624.294815 
-1186485.249512 -1408642.263947 
-1186431.047241 -1408659.637604 
-1186368.489258 -1408677.348099 
-1186314.378540 -1408694.431839 
-1186255.061523 -1408711.502228 
-1186202.437012 -1408727.448807 
-1186146.113770 -1408743.932877 
-1186089.949219 -1408759.564362 
-1186028.486816 -1408778.079376 
-1185971.321289 -1408792.870102 
-1185915.449707 -1408808.726273 
-1185861.754028 -1408823.359070 
-1185804.249756 -1408838.617477 
-1185744.017212 -1408854.447327 
-1185691.905396 -1408867.945251 
-1185635.850708 -1408882.374725 
-1185577.794067 -1408898.954926 
-1185522.224609 -1408912.877808 
-1185464.244263 -1408925.223694 
-1185410.063354 -1408939.900742 
-1185355.189697 -1408954.065857 
-1185293.266479 -1408968.266449 
-1185231.239502 -1408984.649048 
-1185175.648682 -1408998.608170 
-1185111.024658 -1409015.039215 
-1185005.931274 -1409042.616425 
-1184953.874390 -1409056.437073 
-1184898.121826 -1409070.833740 
-1184844.676392 -1409084.436569 
-1184782.759277 -1409101.914368 
-1184726.219360 -1409117.097244 
-1184664.631836 -1409133.387909 
-1184609.852783 -1409149.516449 
-1184556.224243 -1409162.571106 
-1184499.626343 -1409179.614410 
-1184438.624756 -1409196.965942 
-1184388.221924 -1409210.340271 
-1184324.583618 -1409227.004013 
-1184270.277588 -1409243.195114 
-1184214.293091 -1409259.301910 
-1184157.509033 -1409275.060043 
-1184099.089233 -1409292.679749 
-1184042.668335 -1409308.984909 
-1183983.601563 -1409325.796280 
-1183927.054016 -1409342.738113 
-1183870.869629 -1409359.656677 
-1183808.001892 -1409377.078400 
-1183755.157654 -1409393.289719 
-1183695.146362 -1409412.042770 
-1183642.326538 -1409427.114258 
-1183584.326355 -1409444.516907 
-1183464.302246 -1409479.848251 
-1183414.233582 -1409493.535385 
-1183360.936157 -1409509.449539 
-1183293.069641 -1409527.630005 
-1183240.930359 -1409543.930206 
-1183187.108032 -1409559.281311 
-1183133.395569 -1409572.784576 
-1183017.930786 -1409606.119690 
-1182959.643738 -1409621.899567 
-1182899.685852 -1409637.796936 
-1182843.251221 -1409652.851257 
-1182787.310974 -1409668.970261 
-1182735.106079 -1409683.504257 
-1182674.704163 -1409697.989044 
-1182611.517517 -1409715.386353 
-1182551.158325 -1409730.015717 
-1182497.348206 -1409744.469223 
-1182439.239685 -1409759.315643 
-1182375.488464 -1409777.519379 
-1182319.578735 -1409791.647491 
-1182264.109985 -1409806.256256 
-1182203.776733 -1409819.685898 
-1182149.157898 -1409834.505234 
-1182089.695923 -1409849.368820 
-1182034.890930 -1409861.968002 
-1181977.177612 -1409876.783905 
-1181921.469299 -1409890.512619 
-1181859.807007 -1409905.952606 
-1181798.040955 -1409920.248947 
-1181741.836731 -1409933.798370 
-1181688.113586 -1409946.268997 
-1181631.247131 -1409960.149155 
-1181574.695007 -1409972.644958 
-1181514.895813 -1409987.399063 
-1181401.806824 -1410010.717926 
-1181344.793884 -1410023.879776 
-1181289.990417 -1410036.168060 
-1181231.344788 -1410049.826965 
-1181176.884644 -1410061.601791 
-1181118.524353 -1410075.494537 
-1181058.851807 -1410089.193497 
-1180995.271484 -1410102.308044 
-1180937.207214 -1410114.927826 
-1180877.470581 -1410128.917465 
-1180815.551941 -1410142.537460 
-1180761.602966 -1410154.601440 
-1180702.160828 -1410169.019089 
-1180641.459839 -1410180.570755 
-1180585.403625 -1410192.027626 
-1180531.573669 -1410203.228722 
-1180474.153320 -1410218.171654 
-1180413.171570 -1410230.088005 
-1180358.125488 -1410243.782768 
-1180302.275269 -1410254.976997 
-1180239.846985 -1410267.937813 
-1180187.137024 -1410278.641472 
-1180125.547974 -1410294.544563 
-1180068.641846 -1410305.744705 
-1180011.506836 -1410320.172081 
-1179945.623962 -1410334.666405 
-1179896.156494 -1410348.399887 
-1179837.849609 -1410363.301620 
-1179787.973206 -1410376.864014 
-1179719.668762 -1410395.730362 
-1179663.897888 -1410410.497437 
-1179608.572571 -1410424.226341 
-1179547.123901 -1410444.435844 
-1179491.423218 -1410459.537468 
-1179432.016174 -1410476.012192 
-1179378.650085 -1410490.224800 
-1179319.687073 -1410504.543457 
-1179259.994690 -1410520.850143 
-1179194.983093 -1410537.367020 
-1179141.609375 -1410552.336845 
-1179082.597534 -1410567.377625 
-1179031.906311 -1410582.200584 
-1178970.218079 -1410597.162209 
-1178915.884583 -1410608.553848 
-1178854.930298 -1410625.873909 
-1178797.992126 -1410639.437065 
-1178741.705505 -1410655.572281 
-1178684.254639 -1410670.469437 
-1178625.734131 -1410684.599838 
-1178571.586792 -1410696.816978 
-1178513.098328 -1410710.977516 
-1178457.565491 -1410725.489769 
-1178401.214783 -1410737.741623 
-1178339.958374 -1410753.779945 
-1178280.421631 -1410766.976891 
-1178222.426025 -1410781.278572 
-1178164.259521 -1410795.565186 
-1178103.557007 -1410809.030113 
-1178045.738403 -1410823.073540 
-1177992.595093 -1410834.104691 
-1177935.499756 -1410846.632729 
-1177874.305908 -1410861.022339 
-1177815.667908 -1410873.621140 
-1177756.999390 -1410887.218437 
-1177695.480530 -1410901.447639 
-1177636.299316 -1410914.724693 
-1177581.736938 -1410926.178513 
-1177524.351685 -1410939.499054 
-1177470.642273 -1410949.440727 
-1177408.436768 -1410964.628944 
-1177345.344727 -1410976.940117 
-1177288.739197 -1410988.499413 
-1177234.189026 -1410997.932205 
-1177183.737366 -1411010.541687 
-1177125.282471 -1411021.449432 
-1177069.610779 -1411033.084259 
-1177014.348022 -1411044.357834 
-1176948.266785 -1411056.999550 
-1176896.544067 -1411067.583809 
-1176835.104553 -1411079.443321 
-1176774.766724 -1411091.526947 
-1176721.458618 -1411101.531181 
-1176660.675232 -1411114.771805 
-1176603.515808 -1411124.659691 
-1176544.708435 -1411135.518227 
-1176488.232605 -1411144.828186 
-1176431.949036 -1411154.173050 
-1176369.720642 -1411166.499290 
-1176313.214294 -1411177.149353 
-1176253.439514 -1411189.173279 
-1176194.311707 -1411197.945175 
-1176141.601746 -1411208.604584 
-1176078.592102 -1411218.939934 
-1176025.671570 -1411228.698692 
-1175966.993896 -1411238.869247 
-1175908.369629 -1411250.995407 
-1175853.233521 -1411260.935745 
-1175796.275513 -1411268.456230 
-1175676.606934 -1411294.200859 
-1175621.409790 -1411306.137619 
-1175557.487671 -1411321.034203 
-1175499.179260 -1411332.746086 
-1175443.887512 -1411346.857796 
-1175387.034790 -1411360.155830 
-1175327.853577 -1411375.694618 
-1175273.095886 -1411388.621864 
-1175202.438538 -1411406.758461 
-1175153.289978 -1411417.965469 
-1175091.134827 -1411433.377609 
-1175037.887756 -1411446.756706 
-1174975.860779 -1411462.544403 
-1174923.144714 -1411475.086174 
-1174863.372986 -1411490.143547 
-1174805.894653 -1411503.903542 
-1174749.897949 -1411517.314301 
-1174690.678589 -1411531.823120 
-1174637.681763 -1411544.851456 
-1174577.325623 -1411557.536278 
-1174519.394104 -1411570.979843 
-1174459.387390 -1411584.222183 
-1174387.420837 -1411600.208244 
-1174333.891479 -1411612.207756 
-1174282.487671 -1411624.221191 
-1174225.111572 -1411635.222397 
-1174162.550537 -1411648.281250 
-1174058.108704 -1411668.684731 
-1173987.439148 -1411684.045753 
-1173935.157959 -1411696.098099 
-1173872.691528 -1411707.216606 
-1173817.646973 -1411718.745956 
-1173764.279358 -1411728.246460 
-1173708.647339 -1411739.193497 
-1173652.575867 -1411749.821243 
-1173591.421692 -1411760.718117 
-1173535.054199 -1411770.617065 
-1173478.174011 -1411781.797180 
-1173420.993225 -1411793.167839 
-1173356.212036 -1411804.921875 
-1173243.718140 -1411823.185596 
-1173124.330322 -1411843.836555 
-1173015.048401 -1411860.437355 
-1172897.444336 -1411880.408630 
-1172840.599243 -1411888.997135 
-1172779.216187 -1411898.640404 
-1172720.854370 -1411907.977448 
-1172602.469055 -1411929.381046 
-1172546.397583 -1411939.926491 
-1172488.409607 -1411951.494083 
-1172370.585815 -1411973.431263 
-1172312.874023 -1411985.531673 
-1172257.306091 -1411996.777401 
-1172198.430054 -1412009.578667 
-1172141.902344 -1412020.882568 
-1172080.505554 -1412033.765182 
-1172024.849121 -1412045.012913 
-1171961.798279 -1412060.177097 
-1171900.248901 -1412072.854671 
-1171843.358032 -1412086.224804 
-1171784.144775 -1412098.646507 
-1171728.181641 -1412111.067352 
-1171670.016663 -1412124.324760 
-1171611.163513 -1412137.904129 
-1171552.163879 -1412150.192413 
-1171496.467773 -1412160.308514 
-1171441.877930 -1412173.691521 
-1171385.470001 -1412186.763058 
-1171327.278320 -1412199.938831 
-1171268.899719 -1412212.602005 
-1171211.550323 -1412225.316486
-1171155.769531 -1412237.385712
-1171093.683807 -1412249.685249
-1171038.778870 -1412262.850723
-1170982.096283 -1412273.831997
-1170921.540253 -1412287.181339
-1170863.472931 -1412299.700794
-1170803.500549 -1412312.349758
-1170747.269623 -1412323.839626
-1170682.727234 -1412336.450348
-1170627.169983 -1412346.965942
-1170571.890442 -1412358.703480
-1170515.880005 -1412370.793495
-1170458.152191 -1412382.657204
-1170403.425018 -1412394.397221
-1170340.442078 -1412406.034527
-1170278.932373 -1412418.853531
-1170224.582092 -1412430.516682
-1170162.507813 -1412443.679581
-1170108.788483 -1412454.698048
-1170047.903625 -1412466.600475
-1169991.234009 -1412478.515682
-1169934.514038 -1412489.158974
-1169877.665131 -1412501.142368
-1169814.908783 -1412513.015137
-1169759.027283 -1412523.823032
-1169695.269958 -1412535.602436
-1169635.454742 -1412548.360882
-1169583.463470 -1412557.970295
-1169525.492279 -1412569.416294
-1169466.777985 -1412579.720650
-1169405.489532 -1412590.292606
-1169350.364105 -1412602.018127
-1169288.800232 -1412614.118443
-1169233.184998 -1412624.006662
-1169176.223175 -1412636.569080
-1169117.762177 -1412648.131142
-1169059.627716 -1412657.263193
-1169000.492279 -1412668.916283
-1168941.337769 -1412679.863224
-1168878.486053 -1412690.899429
-1168828.071777 -1412700.108156
-1168769.539825 -1412709.078846
-1168708.931915 -1412722.762070
-1168650.821869 -1412731.200180
-1168596.111481 -1412740.057764
-1168539.011566 -1412749.801407
-1168479.680054 -1412759.420357
-1168418.412201 -1412772.864161
-1168365.149872 -1412780.943880
-1168303.399841 -1412793.356237
-1168244.477264 -1412802.674208
-1168178.396027 -1412814.596901
-1168125.481598 -1412823.827944
-1168059.759705 -1412833.072195
-1168008.555786 -1412841.566143
-1167940.953247 -1412851.417694
-1167881.330292 -1412862.352476
-1167828.464691 -1412869.015226
-1167772.962372 -1412878.165159
-1167713.295166 -1412887.027035
-1167646.813385 -1412897.819767
-1167591.215698 -1412906.252012
-1167531.299011 -1412915.815792
-1167472.167389 -1412924.903307
-1167413.289825 -1412935.278044
-1167357.657043 -1412943.988333
-1167298.310272 -1412952.563486
-1167239.581482 -1412960.619793
-1167182.629578 -1412968.969307
-1167118.290894 -1412981.223211
-1167063.741486 -1412988.187895
-1167001.007263 -1412998.198304
-1166946.073334 -1413004.969535
-1166885.638611 -1413013.199458
-1166829.724304 -1413020.624003
-1166770.669739 -1413028.467879
-1166710.609619 -1413036.137376
-1166648.877899 -1413045.613394
-1166594.706146 -1413052.293262
-1166532.077209 -1413059.662566
-1166469.099609 -1413068.498597
-1166411.676208 -1413074.234066
-1166351.342194 -1413083.014593
-1166293.827240 -1413090.555201
-1166234.668915 -1413097.942481
-1166179.812805 -1413104.130921
-1166121.097748 -1413111.948404
-1166061.654846 -1413117.447863
-1166003.196136 -1413125.255618
-1165943.146698 -1413131.762037
-1165886.866943 -1413137.822614
-1165825.608246 -1413145.522580
-1165770.455353 -1413152.367077
-1165710.748474 -1413159.126625
-1165653.119080 -1413165.193830
-1165595.865814 -1413172.239861
-1165535.232727 -1413179.243717
-1165475.698273 -1413186.079476
-1165415.567200 -1413191.706667
-1165358.992188 -1413197.706959
-1165302.324860 -1413203.389380
-1165239.833252 -1413210.091434
-1165178.695862 -1413216.911087
-1165118.992035 -1413222.008691
-1165062.852661 -1413228.352389
-1165003.355591 -1413233.941207
-1164944.010345 -1413239.119539
-1164882.174484 -1413244.896255
-1164823.269455 -1413250.975142
-1164764.429657 -1413256.822524
-1164704.185669 -1413261.668513
-1164649.820511 -1413267.323050
-1164587.802689 -1413273.135767
-1164525.446121 -1413279.349480
-1164470.319550 -1413281.564126
-1164408.259766 -1413286.746571
-1164351.989166 -1413290.112672
-1164287.988464 -1413295.503852
-1164229.816238 -1413301.393095
-1164171.511642 -1413305.182109
-1164108.921616 -1413309.769485
-1164048.940460 -1413313.841037
-1163987.334244 -1413317.387763
-1163932.613556 -1413321.167258
-1163872.669403 -1413325.460348
-1163814.316360 -1413328.966943
-1163758.779709 -1413332.211999
-1163642.429535 -1413337.593723
-1163584.128372 -1413339.050630
-1163522.270004 -1413346.303446
-1163411.374466 -1413349.651448
-1163359.213821 -1413350.861571
-1163295.551865 -1413354.951370
-1163242.134277 -1413356.208018
-1163186.415283 -1413358.490864
-1163130.247681 -1413356.540734
-1163018.761246 -1413358.725939
-1162967.943375 -1413358.390198
-1162860.365860 -1413357.577229
-1162805.539886 -1413356.889353
-1162753.286545 -1413354.526315
-1162698.977463 -1413353.996686
-1162594.777863 -1413348.480285
-1162544.013779 -1413348.121134
-1162490.804092 -1413345.552871
-1162440.182678 -1413337.978542
-1162386.797134 -1413334.204671
-1162285.849945 -1413320.357237
-1162193.514053 -1413299.389104
-1162101.251022 -1413271.673772
-1162015.757553 -1413243.538651
-1161934.562866 -1413209.125743
-1161849.913971 -1413167.898116
-1161767.671577 -1413124.794374
-1161692.517273 -1413074.968300
-1161621.240036 -1413024.789796
-1161545.948975 -1412968.130693
-1161478.182976 -1412908.535538
-1161409.730522 -1412848.506460
-1161352.220528 -1412779.221735
-1161319.032280 -1412738.725719
-1161257.865326 -1412666.619358
-1161198.439400 -1412596.223745
-1161157.232658 -1412519.113598
-1161114.320938 -1412436.323414
-1161079.201691 -1412360.414658
-1161039.851181 -1412276.709232
-1161008.412926 -1412188.902054
-1160981.005280 -1412102.449665
-1160962.536995 -1412013.291512
-1160947.529022 -1411926.430187
-1160935.561172 -1411837.079773
-1160927.314751 -1411749.819145
-1160925.005714 -1411660.423431
-1160916.366760 -1411610.477219
-1160913.343422 -1411521.694717
-1160905.822365 -1411426.099167
-1160895.679657 -1411333.950958
-1160884.914009 -1411237.976418
-1160883.387558 -1411186.103210
-1160871.747581 -1411089.878616
-1160867.281334 -1411040.011368
-1160856.829636 -1410952.243385
-1160843.827049 -1410861.700211
-1160837.849228 -1410807.999954
-1160827.080147 -1410713.234673
-1160817.521469 -1410629.110870
-1160805.938713 -1410539.152870
-1160796.332924 -1410456.326256
-1160784.630768 -1410374.058304
-1160777.215569 -1410302.714119
-1160766.136734 -1410230.408249
-1160751.495354 -1410150.972137
-1160745.248405 -1410094.284210
-1160735.148422 -1410025.866089
-1160730.228607 -1409967.400894
-1160717.460815 -1409899.002609
-1160709.141533 -1409835.833130
-1160702.372543 -1409782.973251
-1160695.226662 -1409729.749832
-1160687.254898 -1409674.619064
-1160677.869408 -1409617.805252
-1160669.216148 -1409565.198288
-1160660.733215 -1409504.078827
-1160653.817360 -1409439.419708
-1160642.202179 -1409375.972137
-1160633.175079 -1409298.824463
-1160620.652573 -1409222.598419
-1160609.035294 -1409139.864120
-1160593.734352 -1409048.510513
-1160582.786171 -1408961.848221
-1160576.037590 -1408908.822403
-1160560.855286 -1408812.551270
-1160552.690308 -1408761.308823
-1160545.365898 -1408711.575089
-1160536.856262 -1408661.328278
-1160528.718559 -1408606.420288
-1160521.759598 -1408554.752121
-1160514.934723 -1408500.732574
-1160505.335228 -1408444.918594
-1160495.597069 -1408385.381088
-1160486.588089 -1408331.939087
-1160480.146400 -1408271.736298
-1160471.448128 -1408217.656479
-1160461.746017 -1408161.928329
-1160453.435127 -1408102.337799
-1160444.291298 -1408044.486771
-1160432.198517 -1407978.821716
-1160416.004173 -1407863.758621
-1160403.693192 -1407800.808487
-1160396.511833 -1407747.629318
-1160387.616150 -1407682.966385
-1160378.640739 -1407629.504547
-1160367.171089 -1407576.028595
-1160361.125366 -1407510.212479
-1160349.216072 -1407453.263245
-1160329.398338 -1407336.967239
-1160308.411972 -1407222.357330
-1160298.584358 -1407164.023743
-1160288.462440 -1407104.819641
-1160277.411835 -1407046.657715
-1160268.153374 -1406987.707291
-1160256.887428 -1406930.424652
-1160245.745270 -1406871.260986
-1160235.839836 -1406813.345490
-1160224.854843 -1406752.922211
-1160216.688721 -1406694.696960
-1160207.553093 -1406640.212402
-1160196.453659 -1406581.070862
-1160186.145203 -1406519.753418
-1160175.416748 -1406463.994751
-1160166.955654 -1406405.058441
-1160155.143444 -1406348.169098
-1160144.415180 -1406285.574493
-1160135.950272 -1406228.111420
-1160128.180973 -1406169.867096
-1160118.694679 -1406114.338837
-1160110.246365 -1406054.804382
-1160101.910011 -1405998.549805
-1160092.657177 -1405939.853821
-1160083.492558 -1405881.843719
-1160076.964943 -1405822.928009
-1160067.799084 -1405764.573059
-1160061.247341 -1405706.047974
-1160051.297466 -1405651.048431
-1160045.580189 -1405585.869751
-1160037.376587 -1405531.005249
-1160030.822651 -1405470.668945
-1160026.923649 -1405413.643799
-1160011.814682 -1405350.612793
-1160003.223888 -1405295.907745
-1159996.992199 -1405233.633575
-1159986.423008 -1405180.972443
-1159977.571575 -1405124.474487
-1159968.400852 -1405068.724976
-1159958.090298 -1405005.915985
-1159948.419754 -1404953.002319
-1159935.768120 -1404889.494476
-1159922.535698 -1404832.474670
-1159915.289680 -1404777.543030
-1159902.572433 -1404717.024384
-1159890.171616 -1404653.975830
-1159877.439396 -1404595.781860
-1159867.067234 -1404539.420471
-1159855.537788 -1404482.527313
-1159844.457905 -1404431.453094
-1159830.107204 -1404363.398132
-1159822.303001 -1404310.379181
-1159810.797016 -1404249.440155
-1159797.562115 -1404188.803253
-1159785.908501 -1404133.523712
-1159776.937382 -1404073.672638
-1159763.609497 -1404023.369751
-1159756.818287 -1403961.360321
-1159746.423141 -1403898.370514
-1159735.161011 -1403849.235687
-1159723.573009 -1403782.910309
-1159716.721336 -1403730.572662
-1159704.381935 -1403669.671021
-1159694.453613 -1403611.401520
-1159685.351078 -1403554.125366
-1159673.902981 -1403496.067963
-1159665.247242 -1403434.786377
-1159654.964344 -1403378.735504
-1159649.654476 -1403319.012604
-1159636.528770 -1403263.821564
-1159627.204411 -1403202.977905
-1159617.241852 -1403144.957886
-1159605.737679 -1403084.607849
-1159597.846405 -1403027.982483
-1159588.707249 -1402966.384277
-1159574.421207 -1402906.350098
-1159565.381424 -1402852.878723
-1159553.202240 -1402790.888367
-1159545.355694 -1402739.833984
-1159534.835903 -1402674.266205
-1159526.696484 -1402620.154724
-1159518.602268 -1402556.971130
-1159504.706375 -1402494.130096
-1159495.568840 -1402441.527710
-1159484.266369 -1402380.725250
-1159473.757927 -1402321.881256
-1159466.244785 -1402268.066559
-1159452.085201 -1402205.127106
-1159446.856205 -1402150.431213
-1159432.774441 -1402091.040192
-1159424.682991 -1402034.198914
-1159410.857193 -1401967.810211
-1159398.276131 -1401905.648956
-1159385.795395 -1401851.487885
-1159373.391430 -1401790.877686
-1159351.334135 -1401679.824219
-1159342.693798 -1401624.483643
-1159332.330458 -1401569.017944
-1159317.147200 -1401509.898529
-1159307.084791 -1401451.918945
-1159293.771212 -1401389.718781
-1159281.973593 -1401333.516083
-1159269.031803 -1401269.551239
-1159256.348316 -1401215.023193
-1159245.285885 -1401155.406342
-1159233.544533 -1401097.673187
-1159223.920195 -1401042.273865
-1159214.341776 -1400990.276489
-1159201.682274 -1400932.454834
-1159187.795965 -1400870.530853
-1159175.414698 -1400815.239868
-1159163.443748 -1400759.826050
-1159152.426807 -1400699.026642
-1159140.006344 -1400643.875275
-1159127.264778 -1400584.990845
-1159115.288822 -1400523.954163
-1159106.841175 -1400470.876465
-1159087.605946 -1400409.797058
-1159075.773565 -1400354.995117
-1159062.625830 -1400295.591125
-1159050.173513 -1400240.657959
-1159037.398998 -1400178.504333
-1159021.829264 -1400120.009766
-1159012.493984 -1400066.552124
-1159001.367275 -1400006.617126
-1158988.693110 -1399951.790771
-1158975.797574 -1399897.971497
-1158958.167927 -1399840.014038
-1158945.676844 -1399779.827271
-1158937.259428 -1399726.700745
-1158922.775046 -1399673.656616
-1158908.821647 -1399618.845520
-1158896.386830 -1399563.129578
-1158884.622733 -1399506.815491
-1158871.301381 -1399452.741394
-1158859.367768 -1399394.561157
-1158850.362079 -1399338.256226
-1158821.595780 -1399241.250000
-1158805.737154 -1399184.263000
-1158792.883842 -1399135.529480
-1158771.115820 -1399045.614014
-1158747.876219 -1398949.041138
-1158727.377967 -1398857.993469
-1158709.974007 -1398806.182251
-1158690.487478 -1398716.098938
-1158674.985944 -1398629.409180
-1158652.122406 -1398574.288330
-1158634.455673 -1398491.472778
-1158614.898795 -1398412.006531
-1158593.721557 -1398332.402954
-1158569.923208 -1398247.924194
-1158551.462810 -1398172.593079
-1158532.046924 -1398099.157104
-1158511.617927 -1398016.213379
-1158496.074395 -1397945.350037
-1158475.067954 -1397875.249634
-1158456.795244 -1397803.394470
-1158437.218503 -1397729.770813
-1158421.305446 -1397653.775940
-1158403.413956 -1397580.114136
-1158390.897862 -1397508.500061
-1158372.145788 -1397431.366882
-1158354.659931 -1397353.496704
-1158337.446825 -1397269.973145
-1158322.815506 -1397186.957703
-1158308.789913 -1397095.755920
-1158291.060202 -1397006.302795
-1158278.372042 -1396909.211121
-1158263.193671 -1396814.466248
-1158248.856561 -1396718.029175
-1158243.853251 -1396664.675293
-1158227.059524 -1396570.075378
-1158221.827857 -1396520.240173
-1158212.036411 -1396469.191895
-1158202.234618 -1396371.505127
-1158189.938967 -1396265.212402
-1158179.902737 -1396214.139709
-1158170.669357 -1396164.911804
-1158162.183468 -1396115.226135
-1158152.709906 -1396061.696777
-1158141.612761 -1396006.072388
-1158122.497503 -1395905.765686
-1158104.558365 -1395806.653748
-1158086.400787 -1395709.487305
-1158073.802177 -1395659.293518
-1158064.214603 -1395608.019409
-1158052.582352 -1395557.372437
-1158036.374752 -1395463.834534
-1158024.895136 -1395410.567627
-1158002.857821 -1395316.712341
-1157992.518274 -1395263.291321
-1157974.215071 -1395164.644775
-1157966.614334 -1395112.389526
-1157949.725191 -1395021.459351
-1157940.672676 -1394971.318970
-1157923.004858 -1394875.898132
-1157906.973783 -1394787.153015
-1157894.014446 -1394728.243408
-1157879.894821 -1394632.731018
-1157869.678442 -1394583.503113
-1157854.315941 -1394497.280273
-1157838.790075 -1394409.661255
-1157822.687332 -1394320.394287
-1157804.861347 -1394234.525452
-1157788.281242 -1394147.217712
-1157772.584431 -1394061.129150
-1157755.247490 -1393984.487305
-1157735.899536 -1393895.900879
-1157720.470993 -1393819.898376
-1157703.999512 -1393737.983093
-1157686.001961 -1393660.625610
-1157668.331997 -1393585.395203
-1157649.130051 -1393503.238831
-1157629.804031 -1393434.058533
-1157614.597694 -1393359.888611
-1157597.374813 -1393290.331421
-1157580.033295 -1393217.081604
-1157559.914104 -1393147.513733
-1157541.816227 -1393079.229126
-1157526.028339 -1393013.746033
-1157510.244743 -1392948.227844
-1157493.687717 -1392884.832153
-1157477.516548 -1392827.610168
-1157459.663956 -1392757.996521
-1157444.952099 -1392702.041016
-1157427.747910 -1392636.870728
-1157409.549133 -1392573.111877
-1157393.777554 -1392511.325989
-1157375.468819 -1392446.759949
-1157355.798904 -1392375.364075
-1157338.240234 -1392307.914124
-1157315.096180 -1392237.250671
-1157297.309868 -1392166.515503
-1157277.221577 -1392091.137085
-1157253.439037 -1392017.002258
-1157231.780521 -1391938.883362
-1157210.745613 -1391862.288818
-1157189.479916 -1391782.700500
-1157168.317215 -1391704.563293
-1157150.541679 -1391623.787842
-1157129.470150 -1391541.072998
-1157115.149014 -1391460.201416
-1157100.172131 -1391377.343140
-1157088.215630 -1391295.083008
-1157075.538151 -1391213.065491
-1157068.828289 -1391126.566467
-1157069.170658 -1391045.711670
-1157066.934006 -1390961.661682
-1157078.303234 -1390875.783691
-1157088.826458 -1390799.953613
-1157098.835651 -1390718.850098
-1157109.503262 -1390650.953064
-1157134.015839 -1390566.787109
-1157154.098408 -1390519.744263
-1157184.878056 -1390439.302979
-1157218.435280 -1390369.828186
-1157249.334423 -1390304.248962
-1157288.733475 -1390239.525757
-1157329.075233 -1390175.345764
-1157379.139225 -1390126.925049
-1157418.319599 -1390073.310242
-1157471.309368 -1390022.236023
-1157553.363602 -1389951.259766
-1157610.460655 -1389905.288086
-1157675.309174 -1389863.121948
-1157745.447151 -1389820.932922
-1157843.220322 -1389773.537598
-1157921.868126 -1389741.015015
-1158004.918472 -1389711.097107
-1158087.552301 -1389682.093201
-1158172.726767 -1389661.998901
-1158266.314785 -1389640.766296
-1158359.046380 -1389615.671692
-1158456.329195 -1389596.816406
-1158554.766579 -1389574.283752
-1158604.468375 -1389563.808594
-1158659.253441 -1389552.947388
-1158709.756712 -1389543.326721
-1158816.499464 -1389520.537720
-1158871.381371 -1389509.769592
-1158920.850651 -1389496.030579
-1158973.838369 -1389484.063110
-1159027.252428 -1389473.473511
-1159082.317535 -1389459.385071
-1159137.467854 -1389442.415771
-1159195.125763 -1389428.946838
-1159252.755396 -1389419.503174
-1159310.370485 -1389407.911072
-1159365.035812 -1389393.230591
-1159424.062817 -1389378.098450
-1159479.414265 -1389364.473877
-1159544.171803 -1389355.130920
-1159601.347916 -1389338.776550
-1159660.182755 -1389324.697266
-1159719.806377 -1389315.894470
-1159781.033508 -1389300.068054
-1159838.486092 -1389285.651550
-1159891.357128 -1389275.464783
-1159956.368534 -1389259.418640
-1160012.804405 -1389249.782715
-1160067.713539 -1389235.106812
-1160123.716061 -1389226.641235
-1160183.882133 -1389212.670288
-1160245.111839 -1389199.530945
-1160304.990761 -1389189.353333
-1160356.849091 -1389174.382935
-1160410.404579 -1389162.293396
-1160472.747986 -1389154.555664
-1160531.925575 -1389142.989502
-1160593.051521 -1389132.558594
-1160709.880630 -1389109.270630
-1160760.005371 -1389101.299438
-1160818.858711 -1389088.793335
-1160872.916595 -1389081.713257
-1160938.790314 -1389067.994080
-1160989.948265 -1389061.161194
-1161051.133720 -1389054.105530
-1161103.904144 -1389043.720398
-1161163.233749 -1389034.382019
-1161222.163765 -1389024.956665
-1161280.672829 -1389016.065369
-1161336.324684 -1389006.038818
-1161398.576729 -1388997.843323
-1161456.003181 -1388988.172302
-1161513.886063 -1388976.735840
-1161574.992363 -1388966.967163
-1161631.202118 -1388956.020508
-1161688.901894 -1388943.883667
-1161749.191086 -1388936.383972
-1161810.564987 -1388923.180542
-1161868.255035 -1388912.804565
-1161921.359818 -1388902.138672
-1161977.536957 -1388893.184814
-1162031.536285 -1388883.355103
-1162091.016190 -1388873.050842
-1162145.489685 -1388860.119019
-1162207.557861 -1388849.407349
-1162263.332932 -1388839.017639
-1162322.150223 -1388823.713074
-1162382.762711 -1388809.678040
-1162439.638702 -1388797.332153
-1162499.852554 -1388784.397278
-1162559.567444 -1388771.640930
-1162615.376465 -1388759.861145
-1162669.695084 -1388748.957214
-1162727.462952 -1388735.582886
-1162789.336960 -1388721.343384
-1162851.191895 -1388701.970825
-1162906.447021 -1388689.515076
-1162968.637650 -1388669.638977
-1163018.020050 -1388659.816895
-1163076.013367 -1388645.826111
-1163133.464233 -1388632.441101
-1163201.347916 -1388613.735352
-1163257.380096 -1388602.517090
-1163313.821213 -1388584.740601
-1163419.441025 -1388554.189453
-1163484.794418 -1388539.684448
-1163544.486420 -1388524.901733
-1163603.660385 -1388511.142883
-1163665.643875 -1388492.232666
-1163717.120926 -1388475.817261
-1163775.137512 -1388468.879089
-1163827.852432 -1388451.485596
-1163897.152512 -1388436.359558
-1164002.609055 -1388406.522522
-1164053.014175 -1388397.399292
-1164120.796768 -1388382.869873
-1164171.856491 -1388370.356140
-1164237.023727 -1388350.798950
-1164290.569870 -1388341.762695
-1164357.332413 -1388323.856506
-1164411.185638 -1388310.238037
-1164470.061295 -1388296.401367
-1164533.159439 -1388276.696167
-1164596.928970 -1388263.393555
-1164652.083008 -1388254.285583
-1164717.299072 -1388243.346558
-1164828.788940 -1388221.137390
-1164944.052689 -1388199.360046
-1164995.996277 -1388186.199341
-1165061.868469 -1388172.174988
-1165169.790833 -1388155.896912
-1165222.141449 -1388143.744812
-1165280.228607 -1388138.994751
-1165335.680573 -1388121.578369
-1165406.450836 -1388113.048706
-1165459.218781 -1388097.419128
-1165522.152130 -1388092.666016
-1165573.560516 -1388081.980286
-1165643.244354 -1388061.486206
-1165701.129333 -1388056.324158
-1165758.646576 -1388046.769104
-1165822.593109 -1388029.906616
-1165878.606598 -1388015.664063
-1165938.500397 -1388012.108765
-1166000.151245 -1387997.255859
-1166052.121918 -1387992.620239
-1166108.296387 -1387980.280457
-1166160.315887 -1387966.948853
-1166238.783447 -1387944.544373
-1166289.789001 -1387940.830383
-1166341.935913 -1387932.547913
-1166398.602478 -1387921.500549
-1166456.764404 -1387910.659180
-1166511.403076 -1387904.786072
-1166562.649719 -1387890.809021
-1166618.856232 -1387875.275574
-1166677.089111 -1387865.158997
-1166733.232300 -1387855.816040
-1166788.952057 -1387846.593628
-1166843.537323 -1387826.633606
-1166898.423187 -1387817.318115
-1166952.176086 -1387803.737793
-1167014.813416 -1387788.775024
-1167075.110809 -1387773.638306
-1167183.275787 -1387746.145020
-1167237.954895 -1387733.321533
-1167306.499664 -1387714.312134
-1167358.982269 -1387705.895386
-1167478.318970 -1387679.967651
-1167585.940735 -1387650.280151
-1167643.468658 -1387632.467041
-1167706.802551 -1387619.838867
-1167766.264526 -1387606.221924
-1167825.760071 -1387585.274658
-1167876.526062 -1387574.852905
-1167926.823608 -1387560.079346
-1167997.667877 -1387551.290283
-1168106.398193 -1387527.703247
-1168163.334076 -1387515.856323
-1168222.407715 -1387500.341187
-1168276.324646 -1387492.809448
-1168337.140076 -1387482.058105
-1168393.828003 -1387465.270386
-1168446.060364 -1387456.420288
-1168509.177582 -1387437.462769
-1168614.910309 -1387424.215088
-1168663.263123 -1387410.488281
-1168732.254974 -1387399.102173
-1168790.749542 -1387387.462769
-1168844.165222 -1387375.661621
-1168904.118530 -1387366.149292
-1168961.731903 -1387354.082642
-1169074.560730 -1387332.402954
-1169133.532135 -1387322.503052
-1169192.992584 -1387310.018311
-1169251.526825 -1387297.539673
-1169367.228119 -1387276.458130
-1169422.464935 -1387264.644775
-1169485.790436 -1387250.942383
-1169538.826935 -1387241.707764
-1169590.017120 -1387228.826294
-1169646.145050 -1387218.609009
-1169709.159271 -1387207.772217
-1169770.474426 -1387194.945679
-1169824.461548 -1387186.995850
-1169882.290070 -1387176.494751
-1169944.598572 -1387164.602051
-1170001.314728 -1387155.053101
-1170059.340851 -1387142.177734
-1170122.873108 -1387127.208862
-1170182.513611 -1387109.639893
-1170242.637054 -1387097.234497
-1170297.838013 -1387081.801758
-1170352.633087 -1387071.370850
-1170411.563293 -1387054.998169
-1170468.876831 -1387041.021118
-1170527.086823 -1387023.894653
-1170578.621857 -1387010.149536
-1170641.128723 -1386993.776855
-1170701.107971 -1386975.588379
-1170755.741302 -1386966.607056
-1170815.712921 -1386947.393188
-1170866.916077 -1386930.050049
-1170926.596252 -1386913.735352
-1170985.873596 -1386901.888428
-1171047.168915 -1386884.688721
-1171101.780884 -1386871.883545
-1171157.177917 -1386860.732422
-1171216.803162 -1386845.311890
-1171266.786377 -1386836.242065
-1171333.112518 -1386814.650879
-1171394.598572 -1386806.340942
-1171449.153320 -1386790.718994
-1171511.020081 -1386778.734741
-1171566.287415 -1386763.735352
-1171630.681030 -1386752.092896
-1171683.740417 -1386738.280640
-1171735.402100 -1386729.338989
-1171791.269104 -1386711.797485
-1171850.021545 -1386700.530396
-1171908.758728 -1386686.434326
-1171964.061157 -1386677.138672
-1172018.702881 -1386665.429077
-1172080.005066 -1386651.210938
-1172137.573425 -1386639.010010
-1172192.216675 -1386626.094971
-1172258.943359 -1386600.060425
-1172319.572632 -1386597.472534
-1172380.517761 -1386576.714478
-1172435.029785 -1386568.111572
-1172488.919250 -1386560.521851
-1172546.417419 -1386551.775513
-1172604.641907 -1386544.365845
-1172716.699402 -1386522.313843
-1172773.723022 -1386513.536987
-1172830.217163 -1386499.291382
-1172890.573303 -1386492.821655
-1173007.184021 -1386468.230591
-1173072.764771 -1386457.933960
-1173126.460449 -1386452.715454
-1173183.668701 -1386447.176514
-1173236.146729 -1386432.424316
-1173298.898499 -1386429.381714
-1173359.410278 -1386409.362183
-1173419.467346 -1386400.692139
-1173477.592651 -1386387.032471
-1173528.288452 -1386377.248535
-1173591.900818 -1386368.868408
-1173648.221008 -1386364.199219
-1173702.044861 -1386358.257446
-1173761.036865 -1386344.448242
-1173815.097229 -1386332.885132
-1173865.138428 -1386328.145752
-1173919.453613 -1386313.857422
-1173986.828796 -1386304.583130
-1174041.993896 -1386296.492920
-1174148.338501 -1386276.220093
-1174208.651917 -1386273.452148
-1174264.006226 -1386254.323730
-1174314.256470 -1386243.139038
-1174365.645020 -1386234.914551
-1174427.621643 -1386226.424561
-1174492.915527 -1386212.801514
-1174557.408325 -1386195.906982
-1174663.011353 -1386179.940186
-1174720.665161 -1386164.165649
-1174801.313965 -1386141.900024
-1174853.497498 -1386133.263550
-1174904.294006 -1386120.818481
-1174956.167786 -1386106.749878
-1175016.110413 -1386097.744141
-1175072.401611 -1386076.125488
-1175170.633118 -1386062.935791
-1175223.738281 -1386039.727173
-1175292.914001 -1386024.739990
-1175345.926086 -1386010.442505
-1175401.176636 -1386000.039063
-1175454.895203 -1385983.602295
-1175519.940369 -1385971.450195
-1175576.149170 -1385949.495850
-1175643.573181 -1385936.312256
-1175723.173706 -1385914.119873
-1175805.522339 -1385886.995850
-1175885.806458 -1385873.113403
-1175996.260254 -1385851.909790
-1176056.904785 -1385834.487305
-1176109.216492 -1385820.083008
-1176177.858154 -1385801.207886
-1176229.161255 -1385793.001709
-1176292.100708 -1385777.074585
-1176398.808472 -1385756.374512
-1176459.835999 -1385741.552124
-1176514.196960 -1385735.335693
-1176619.000427 -1385708.034668
-1176687.234680 -1385691.124878
-1176751.490967 -1385678.750000
-1176869.716064 -1385654.161987
-1176925.105469 -1385641.039429
-1176979.988281 -1385626.122437
-1177099.199097 -1385604.009399
-1177149.907104 -1385585.561523
-1177205.169861 -1385573.662720
-1177261.148254 -1385557.439575
-1177359.190552 -1385533.431396
-1177490.083496 -1385503.536377
-1177549.136536 -1385493.078003
-1177604.635803 -1385466.686401
-1177671.783630 -1385446.358643
-1177791.684143 -1385421.431885
-1177846.328918 -1385408.220825
-1177897.838013 -1385392.769775
-1177963.334839 -1385378.154907
-1178024.002258 -1385374.956665
-1178075.966064 -1385358.971558
-1178126.768677 -1385345.198975
-1178179.850952 -1385330.071411
-1178294.961731 -1385300.792847
-1178353.244202 -1385284.993896
-1178416.349976 -1385272.139893
-1178527.726929 -1385249.260864
-1178590.455811 -1385233.168945
-1178654.272644 -1385213.662109
-1178759.770386 -1385180.175171
-1178812.716858 -1385168.712769
-1178871.147339 -1385161.599121
-1178919.336121 -1385147.515259
-1178989.293091 -1385130.401001
-1179114.944641 -1385103.289185
-1179164.308350 -1385092.794189
-1179229.956238 -1385078.148804
-1179280.670349 -1385071.685181
-1179333.979980 -1385059.667358
-1179391.365234 -1385041.100464
-1179504.992859 -1385019.176636
-1179564.114563 -1385009.578857
-1179619.258301 -1385001.146851
-1179738.150208 -1384977.037964
-1179847.284119 -1384959.859619
-1179904.934875 -1384944.268188
-1179960.240356 -1384922.088013
-1180015.677063 -1384909.749756
-1180127.778809 -1384883.764038
-1180183.514587 -1384881.212769
-1180244.108765 -1384857.573853
-1180295.405762 -1384848.427734
-1180371.891968 -1384837.609253
-1180493.213074 -1384805.550537
-1180619.719116 -1384784.737549
-1180677.530090 -1384777.172241
-1180750.009338 -1384764.180908
-1180867.776672 -1384735.360107
-1180979.803650 -1384709.768066
-1181088.636963 -1384683.104858
-1181148.213379 -1384675.219116
-1181205.058472 -1384665.447388
-1181268.187134 -1384650.670776
-1181329.165833 -1384638.591919
-1181399.350159 -1384626.177368
-1181515.612976 -1384602.269897
-1181632.055847 -1384582.790527
-1181743.426697 -1384557.827148
-1181802.313416 -1384542.592773
-1181860.005371 -1384527.202759
-1181922.767822 -1384511.724243
-1181986.293213 -1384502.364502
-1182044.505493 -1384490.093384
-1182103.904907 -1384477.361450
-1182154.770081 -1384465.480957
-1182271.855347 -1384443.584595
-1182393.596069 -1384417.815552
-1182444.587891 -1384406.014404
-1182497.250549 -1384393.477783
-1182552.119629 -1384383.031616
-1182601.437561 -1384363.637695
-1182652.681152 -1384350.908813
-1182767.717163 -1384326.314697
-1182815.399353 -1384310.164795
-1182886.645691 -1384295.165405
-1182935.730164 -1384277.102051
-1182995.976440 -1384276.378784
-1183051.028625 -1384255.565796
-1183106.942932 -1384239.953003
-1183169.195740 -1384224.709473
-1183227.925293 -1384212.151489
-1183283.825867 -1384197.228394
-1183338.644592 -1384188.039551
-1183418.872253 -1384170.601807
-1183524.923889 -1384140.426025
-1183640.565674 -1384119.024048
-1183693.591492 -1384103.145752
-1183745.907776 -1384090.145264
-1183845.706360 -1384060.006104
-1183905.244629 -1384043.926392
-1183989.210693 -1384029.567871
-1184111.909668 -1383999.413452
-1184164.059631 -1383981.932983
-1184213.362305 -1383965.154419
-1184271.183960 -1383951.555786
-1184335.490601 -1383932.671509
-1184386.628906 -1383920.375977
-1184456.462280 -1383897.911987
-1184507.374756 -1383885.686646
-1184565.464966 -1383862.859497
-1184624.226563 -1383849.797974
-1184675.798218 -1383832.610474
-1184741.633789 -1383817.235718
-1184789.622681 -1383799.569092
-1184846.513550 -1383783.379517
-1184957.374756 -1383749.297485
-1185016.438477 -1383733.904419
-1185075.782959 -1383717.904053
-1185129.927246 -1383697.536621
-1185185.246460 -1383680.062256
-1185237.474243 -1383662.575684
-1185286.317627 -1383647.438965
-1185341.780273 -1383630.111084
-1185404.850952 -1383611.690674
-1185450.700562 -1383591.542969
-1185504.823486 -1383574.431763
-1185553.846924 -1383556.743774
-1185608.406250 -1383538.070068
-1185660.618774 -1383520.321045
-1185751.243774 -1383495.745239
-1185838.536255 -1383464.711914
-1185954.216187 -1383426.809082
-1186094.719116 -1383386.251221
-1186212.037842 -1383355.272827
-1186298.921387 -1383326.638184
-1186355.763428 -1383316.011963
-1186406.431763 -1383303.212891
-1186473.436157 -1383283.666382
-1186519.703857 -1383259.566650
-1186589.589111 -1383245.784912
-1186717.830078 -1383205.248413
-1186768.724243 -1383190.468750
-1186851.082031 -1383173.327026
-1186902.302734 -1383155.065308
-1186980.372803 -1383125.594482
-1187097.606079 -1383100.335083
-1187194.856445 -1383073.610840
-1187248.124878 -1383055.541382
-1187297.053711 -1383045.134888
-1187346.910278 -1383027.773438
-1187404.200928 -1383003.255615
-1187465.239136 -1382982.222900
-1187521.019165 -1382962.380371
-1187580.595581 -1382936.119995
-1187647.490112 -1382923.632202
-1187695.051758 -1382903.991089
-1187769.792358 -1382878.609619
-1187870.222656 -1382841.643677
-1187922.273438 -1382827.773438
-1187974.598877 -1382806.838379
-1188030.439941 -1382791.985474
-1188130.540649 -1382744.713745
-1188184.767334 -1382727.071533
-1188298.665039 -1382690.178833
-1188350.389282 -1382672.710571
-1188410.450928 -1382647.969971
-1188461.042969 -1382626.513062
-1188516.102783 -1382605.700073
-1188573.491089 -1382584.160767
-1188630.931274 -1382565.123901
-1188683.802979 -1382538.036499
-1188756.520264 -1382507.808838
-1188870.451538 -1382468.358765
-1188927.891724 -1382446.624146
-1188981.614868 -1382426.696167
-1189051.088135 -1382402.892456
-1189147.838013 -1382366.381226
-1189213.124268 -1382348.134766
-1189266.627686 -1382326.543579
-1189332.179443 -1382308.052979
-1189398.271362 -1382296.840820
-1189473.051636 -1382267.086182
-1189580.314819 -1382223.760376
-1189692.946045 -1382185.378418
-1189745.024292 -1382175.112305
-1189800.499146 -1382154.940186
-1189900.160400 -1382113.146362
-1189959.871094 -1382090.642700
-1190023.573486 -1382072.619019
-1190081.739990 -1382053.225098
-1190138.078491 -1382035.616455
-1190194.453613 -1382019.432983
-1190251.973145 -1382000.597534
-1190312.071411 -1381982.644043
-1190370.009033 -1381967.156372
-1190425.380127 -1381945.421753
-1190483.909790 -1381925.087891
-1190567.000000 -1381909.224854
-1190648.036377 -1381877.816162
-1190713.719360 -1381852.507935
-1190764.610474 -1381831.350098
-1190818.751709 -1381816.896973
-1190873.823730 -1381791.607056
-1190935.505859 -1381781.835327
-1190999.934570 -1381754.696045
-1191060.878174 -1381739.656982
-1191114.906494 -1381718.715820
-1191192.134277 -1381692.000732
-1191239.055054 -1381668.328247
-1191296.815674 -1381654.934082
-1191354.268066 -1381636.611328
-1191415.202515 -1381599.944458
-1191471.251099 -1381584.008179
-1191529.039185 -1381576.140747
-1191582.554810 -1381556.826172
-1191635.148804 -1381531.875000
-1191685.322754 -1381504.888306
-1191774.781982 -1381470.385132
-1191822.969238 -1381452.828369
-1191892.778198 -1381433.132324
-1192048.674194 -1381371.419678
-1192129.756348 -1381324.807129
-1192193.150513 -1381315.737305
-1192301.240723 -1381266.011963
-1192355.601685 -1381251.717529
-1192465.080444 -1381181.887207
-1192574.955933 -1381141.439209
-1192663.817017 -1381098.421631
-1192733.961670 -1381070.659790
-1192839.039795 -1381022.286377
-1192948.970215 -1380983.159790
-1192999.275391 -1380962.960205
-1193051.454346 -1380944.805298
-1193100.932495 -1380924.941406
-1193174.510376 -1380903.283081
-1193230.488770 -1380886.095581
-1193280.604736 -1380871.233521
-1193362.071411 -1380847.957764
-1193431.907837 -1380817.891846
-1193479.448120 -1380798.488770
-1193534.532349 -1380781.093750
-1193596.058838 -1380759.307251
-1193642.958252 -1380736.425171
-1193720.268433 -1380715.163574
-1193779.988281 -1380693.602905
-1193830.208008 -1380670.208130
-1193897.462646 -1380655.419312
-1193946.754639 -1380634.099731
-1194010.682861 -1380624.443970
-1194078.380005 -1380610.033569
-1194136.293213 -1380598.488770
-1194199.717896 -1380574.624023
-1194254.933350 -1380555.489502
-1194319.416992 -1380543.767700
-1194368.617432 -1380525.316772
-1194448.079102 -1380504.107056
-1194498.103516 -1380489.446411
-1194546.321289 -1380474.135742
-1194622.419922 -1380437.758789
-1194726.054565 -1380413.048706
-1194819.838135 -1380384.624634
-1194883.287231 -1380362.798462
-1194939.381592 -1380346.407471
-1195006.486694 -1380328.750000
-1195057.383911 -1380314.049683
-1195125.477783 -1380297.176514
-1195178.624146 -1380281.139526
-1195234.269897 -1380273.137817
-1195342.942993 -1380238.305054
-1195394.163696 -1380223.479614
-1195454.753296 -1380202.675781
-1195515.556519 -1380183.233032
-1195631.889526 -1380147.283325
-1195684.898560 -1380120.189819
-1195756.779663 -1380105.755005
-1195802.009766 -1380084.426270
-1195855.787842 -1380050.512085
-1195911.485474 -1380031.496582
-1195971.608154 -1380022.988281
-1196026.161377 -1380009.588013
-1196073.747437 -1379985.720215
-1196129.936401 -1379971.703491
-1196199.519531 -1379947.988281
-1196259.855835 -1379921.560059
-1196307.463257 -1379900.155029
-1196368.776123 -1379885.476074
-1196425.312988 -1379862.087402
-1196476.310913 -1379845.607910
-1196529.597656 -1379818.901978
-1196579.429810 -1379797.652588
-1196640.083496 -1379775.051270
-1196701.555054 -1379758.107910
-1196762.428467 -1379727.358398
-1196818.663208 -1379705.397949
-1196873.756592 -1379680.785522
-1196936.039917 -1379662.191162
-1196985.566895 -1379634.227905
-1197037.513916 -1379606.072388
-1197087.452881 -1379587.429199
-1197143.632690 -1379557.720337
-1197195.921509 -1379540.310059
-1197251.442139 -1379521.752319
-1197309.419434 -1379495.867310
-1197361.482422 -1379462.636719
-1197404.927246 -1379436.446533
-1197463.533203 -1379413.295898
-1197516.142456 -1379387.111816
-1197565.205566 -1379341.948853
-1197670.491211 -1379303.170166
-1197721.611206 -1379281.173096
-1197836.815063 -1379244.661865
-1197941.517822 -1379215.355835
-1197977.424805 -1379173.552856
-1198097.331421 -1379144.826660
-1198168.568604 -1379136.168823
-1198222.618286 -1379113.497314
-1198274.327271 -1379093.374023
-1198382.090942 -1379062.227783
-1198447.313110 -1379036.879883
-1198561.918823 -1378989.876709
-1198618.010132 -1378978.347168
-1198728.911011 -1378921.047363
-1198783.815186 -1378907.402954
-1198888.981812 -1378875.618896
-1198959.968750 -1378857.772217
-1199060.087769 -1378817.077026
-1199115.535156 -1378798.119507
-1199172.148315 -1378786.419067
-1199222.358887 -1378755.083618
-1199276.744263 -1378738.311157
-1199329.622070 -1378723.256836
-1199385.179321 -1378707.390747
-1199439.412109 -1378685.411987
-1199495.988647 -1378666.158447
-1199549.272339 -1378648.827515
-1199619.780151 -1378631.093750
-1199675.450317 -1378614.043579
-1199735.493652 -1378597.939453
-1199783.540527 -1378581.838379
-1199838.951294 -1378572.173462
-1199889.647095 -1378553.060303
-1199951.249878 -1378537.487183
-1200018.544189 -1378507.137451
-1200070.265381 -1378491.408691
-1200123.204224 -1378479.918823
-1200184.407227 -1378460.888062
-1200241.209595 -1378451.537476
-1200297.624390 -1378431.286011
-1200400.004761 -1378411.080322
-1200452.476685 -1378390.227661
-1200509.315674 -1378374.407349
-1200564.430420 -1378359.371338
-1200623.832886 -1378347.173462
-1200677.333252 -1378333.767090
-1200738.926880 -1378311.385498
-1200804.063599 -1378297.728882
-1200861.912720 -1378282.671509
-1200925.193970 -1378261.950073
-1201020.585815 -1378243.157349
-1201133.708374 -1378212.960205
-1201189.100830 -1378205.901489
-1201240.287964 -1378193.050537
-1201302.409546 -1378176.921997
-1201356.025879 -1378167.608032
-1201409.346191 -1378158.629761
-1201466.908447 -1378145.955811
-1201528.166382 -1378133.727417
-1201581.376831 -1378123.861084
-1201634.095947 -1378110.692749
-1201691.185181 -1378095.565186
-1201744.838135 -1378084.826050
-1201844.706909 -1378066.002808
-1201899.812500 -1378059.780273
-1201950.868408 -1378045.830688
-1202010.429565 -1378040.532837
-1202061.165039 -1378026.787720
-1202116.179077 -1378016.414795
-1202168.403809 -1378009.948120
-1202224.574463 -1377998.204956
-1202275.590698 -1377988.717041
-1202334.114258 -1377984.121094
-1202383.543579 -1377969.869385
-1202440.422241 -1377963.768921
-1202493.721191 -1377957.021484
-1202546.968262 -1377949.086914
-1202603.956787 -1377940.786133
-1202658.610718 -1377935.222778
-1202713.646118 -1377929.955444
-1202765.458862 -1377923.626099
-1202819.355957 -1377918.227539
-1202871.849243 -1377911.623535
-1202927.488892 -1377908.278809
-1202978.907959 -1377899.511108
-1203032.170288 -1377896.645508
-1203130.809204 -1377887.362061
-1203181.080811 -1377885.607300
-1203275.166504 -1377875.664673
-1203370.710938 -1377870.137939
-1203459.126465 -1377858.327637
-1203509.443848 -1377859.618530
-1203601.182739 -1377850.048218
-1203695.176880 -1377844.323120
-1203747.801392 -1377847.014771
-1203838.939087 -1377840.493164
-1203933.445923 -1377836.492310
-1204031.523315 -1377836.507568
-1204128.444092 -1377831.832275
-1204227.162354 -1377828.417358
-1204322.603027 -1377831.929932
-1204416.917603 -1377837.764893
-1204467.094604 -1377843.154297
-1204517.125122 -1377849.294434
-1204566.420166 -1377857.860718
-1204663.008301 -1377875.695190
-1204755.372803 -1377901.317749
-1204847.474854 -1377928.933105
-1204936.967651 -1377963.265381
-1204984.016602 -1377983.861694
-1205074.730103 -1378027.514038
-1205118.931763 -1378051.210938
-1205164.174072 -1378078.365479
-1205208.580200 -1378106.664429
-1205252.937500 -1378139.153442
-1205335.563843 -1378197.826538
-1205377.919189 -1378232.055054
-1205421.757690 -1378266.930542
-1205498.271362 -1378333.699951
-1205538.420288 -1378372.167358
-1205576.078979 -1378409.008179
-1205613.777344 -1378446.099243
-1205649.742310 -1378485.915527
-1205685.084717 -1378522.377930
-1205720.692627 -1378563.805542
-1205752.961914 -1378602.901611
-1205785.234253 -1378644.344482
-1205818.196289 -1378687.334595
-1205847.996704 -1378729.284058
-1205898.750488 -1378808.141479
-1205956.227295 -1378898.916016
-1205983.598511 -1378944.161377
-1206037.904541 -1379032.467041
-1206101.036255 -1379132.158813
-1206156.669800 -1379219.979248
-1206213.371460 -1379306.420288
-1206244.673340 -1379354.805908
-1206299.894897 -1379436.046753
-1206352.964966 -1379515.844116
-1206382.603638 -1379562.322388
-1206410.258667 -1379605.071411
-1206466.234009 -1379692.269287
-1206493.199341 -1379734.655151
-1206520.515625 -1379778.695068
-1206574.885742 -1379866.961060
-1206626.625244 -1379950.774536
-1206681.495850 -1380043.239746
-1206730.403320 -1380127.694092
-1206756.068604 -1380173.284302
-1206805.262939 -1380261.446533
-1206851.002686 -1380342.104492
-1206895.439331 -1380420.607910
-1206943.098633 -1380501.018677
-1206990.522949 -1380584.050903
-1207036.830322 -1380661.046753
-1207081.120483 -1380735.845337
-1207123.494141 -1380809.041748
-1207164.372437 -1380879.052124
-1207203.602783 -1380946.419678
-1207242.320435 -1381012.749634
-1207277.202026 -1381072.374878
-1207313.597290 -1381134.475098
-1207346.309082 -1381188.775024
-1207374.946777 -1381237.828979
-1207403.346436 -1381284.954224
-1207430.037109 -1381329.110107
-1207464.128296 -1381387.182007
-1207493.770020 -1381437.908325
-1207524.638550 -1381490.209351
-1207553.837769 -1381538.439331
-1207579.295532 -1381582.470093
-1207605.497925 -1381627.190552
-1207634.764282 -1381673.647461
-1207662.590210 -1381722.258911
-1207692.851440 -1381771.349487
-1207723.420898 -1381825.023804
-1207756.273071 -1381879.778442
-1207784.999268 -1381927.407227
-1207816.282837 -1381979.189453
-1207851.280396 -1382037.557373
-1207890.510742 -1382106.301270
-1207920.143311 -1382155.135498
-1207950.636475 -1382209.029541
-1207986.958496 -1382270.995483
-1208023.222534 -1382332.604370
-1208061.866943 -1382399.700317
-1208103.956787 -1382472.777710
-1208153.273193 -1382558.016357
-1208191.041748 -1382623.757324
-1208233.387939 -1382696.727905
-1208280.049316 -1382777.947388
-1208326.344482 -1382859.966431
-1208352.134888 -1382904.772339
-1208401.393311 -1382990.926514
-1208449.513428 -1383077.950439
-1208479.155151 -1383130.401001
-1208504.237549 -1383175.441895
-1208529.713623 -1383221.822510
-1208580.674927 -1383313.213501
-1208630.729858 -1383401.671753
-1208655.235474 -1383446.239624
-1208705.513184 -1383535.692749
-1208735.969727 -1383591.878662
-1208813.371460 -1383730.907593
-1208887.223999 -1383863.640747
-1208940.474121 -1383959.130249
-1208970.207397 -1384013.726196
-1209022.960083 -1384109.945068
-1209048.967163 -1384155.895386
-1209077.208130 -1384205.117188
-1209102.507202 -1384250.322876
-1209129.191772 -1384298.607788
-1209156.367676 -1384346.538696
-1209182.594482 -1384392.189941
-1209209.901611 -1384440.331421
-1209236.244385 -1384484.710083
-1209265.138428 -1384535.033569
-1209295.701782 -1384588.338623
-1209322.297852 -1384633.574829
-1209351.286499 -1384681.304321
-1209379.411499 -1384728.692017
-1209406.639282 -1384773.134766
-1209433.882324 -1384819.066772
-1209463.652222 -1384868.551025
-1209493.309204 -1384915.801392
-1209521.595947 -1384962.935791
-1209549.464600 -1385007.088623
-1209580.796997 -1385057.491455
-1209611.415283 -1385106.707153
-1209638.902466 -1385150.228271
-1209668.824951 -1385196.053467
-1209697.569458 -1385240.755615
-1209728.407471 -1385288.982544
-1209757.866089 -1385333.913574
-1209789.882080 -1385385.540161
-1209819.661133 -1385430.718384
-1209849.806396 -1385477.828369
-1209878.840820 -1385524.251709
-1209910.481445 -1385575.353394
-1209939.381592 -1385621.840820
-1209966.725342 -1385665.551147
-1209996.577637 -1385715.255127
-1210023.433105 -1385759.298096
-1210051.539795 -1385805.507813
-1210078.584473 -1385850.783691
-1210108.217041 -1385901.049194
-1210135.243408 -1385946.685181
-1210160.579102 -1385990.184937
-1210190.803711 -1386041.408691
-1210218.080322 -1386088.707886
-1210247.084229 -1386139.534912
-1210297.682373 -1386229.262695
-1210326.808350 -1386281.551514
-1210354.933350 -1386330.651245
-1210382.765381 -1386381.139526
-1210406.825439 -1386425.982056
-1210433.387939 -1386474.718628
-1210464.595215 -1386531.127319
-1210491.652100 -1386580.196533
-1210519.508545 -1386632.799683
-1210545.833008 -1386681.755981
-1210574.281494 -1386731.548462
-1210600.746338 -1386778.948364
-1210632.063477 -1386834.713135
-1210659.694092 -1386883.382568
-1210689.320557 -1386935.671387
-1210720.564453 -1386991.176758
-1210749.421875 -1387042.040405
-1210776.417725 -1387088.173828
-1210807.686035 -1387143.349609
-1210838.124268 -1387196.462402
-1210866.182129 -1387244.213257
-1210897.139160 -1387297.042236
-1210925.111572 -1387344.756470
-1210955.452148 -1387394.933472
-1210989.375488 -1387451.616821
-1211016.975586 -1387498.241577
-1211046.559326 -1387547.481689
-1211078.853027 -1387601.845703
-1211108.381836 -1387650.548706
-1211139.497559 -1387703.154907
-1211169.667236 -1387751.952515
-1211197.792236 -1387799.218140
-1211228.199951 -1387849.810181
-1211259.816162 -1387902.584229
-1211288.856689 -1387951.386414
-1211317.042725 -1387999.094543
-1211351.564209 -1388055.584106
-1211378.431885 -1388102.655945
-1211409.596436 -1388156.946716
-1211437.800781 -1388203.424988
-1211464.741699 -1388248.667297
-1211496.174805 -1388301.946411
-1211528.901855 -1388356.150208
-1211560.341064 -1388409.195862
-1211590.461914 -1388458.977661
-1211620.460693 -1388510.625610
-1211651.069824 -1388562.388000
-1211683.302490 -1388616.027222
-1211709.266846 -1388660.279236
-1211737.806885 -1388711.173401
-1211768.416016 -1388762.395630
-1211799.122803 -1388815.200195
-1211828.590576 -1388864.602051
-1211863.429443 -1388924.082336
-1211894.038574 -1388974.686584
-1211923.994629 -1389027.323303
-1211955.574219 -1389080.169067
-1211986.195557 -1389132.201538
-1212016.511719 -1389181.879578
-1212047.267334 -1389233.947144
-1212076.259033 -1389283.518372
-1212108.015625 -1389337.987671
-1212135.872070 -1389385.117493
-1212167.012207 -1389437.224731
-1212196.174805 -1389485.987244
-1212228.291504 -1389539.995728
-1212256.825439 -1389588.918457
-1212286.116211 -1389638.611755
-1212316.816895 -1389691.091309
-1212347.902100 -1389742.484436
-1212379.030029 -1389793.238220
-1212408.076660 -1389842.760620
-1212442.573730 -1389900.695190
-1212493.495361 -1389984.940491
-1212521.711914 -1390034.647522
-1212550.154297 -1390084.209595
-1212583.229248 -1390139.968262
-1212611.976807 -1390188.678894
-1212639.363281 -1390238.158569
-1212673.097412 -1390293.354187
-1212700.343506 -1390341.604004
-1212728.816406 -1390388.654480
-1212761.879150 -1390444.625244
-1212792.408936 -1390496.094666
-1212821.113770 -1390544.764099
-1212850.972168 -1390595.536194
-1212876.167480 -1390639.113770
-1212904.072754 -1390683.750305
-1212934.492676 -1390736.721191
-1212963.832275 -1390785.640869
-1212990.559570 -1390831.846008
-1213017.866699 -1390876.821289
-1213046.956055 -1390926.381836
-1213075.654785 -1390973.233948
-1213102.687256 -1391019.593201
-1213155.714600 -1391107.195435
-1213185.255615 -1391156.520996
-1213210.792725 -1391200.850830
-1213264.131348 -1391288.788757
-1213312.819092 -1391371.537170
-1213361.940186 -1391451.314697
-1213412.507813 -1391534.995422
-1213458.632080 -1391611.026917
-1213485.225098 -1391653.772888
-1213528.328125 -1391727.056274
-1213576.173584 -1391803.629456
-1213621.345703 -1391880.077515
-1213686.976807 -1391983.403931
-1213750.099365 -1392088.941345
-1213791.298096 -1392156.582031
-1213852.229492 -1392254.625854
-1213889.119141 -1392316.617737
-1213927.119629 -1392378.585205
-1213960.768311 -1392432.659302
-1213996.113770 -1392489.649353
-1214029.591553 -1392546.009216
-1214063.826172 -1392601.816711
-1214097.096436 -1392651.708374
-1214127.351563 -1392699.724731
-1214155.806152 -1392745.388184
-1214183.009521 -1392789.670715
-1214210.261719 -1392834.363708
-1214236.274902 -1392879.075012
-1214272.163574 -1392942.135010
-1214302.180664 -1393000.386963
-1214327.717773 -1393056.707153
-1214347.493164 -1393110.756836
-1214361.036865 -1393163.103638
-1214368.116943 -1393215.915833
-1214366.310303 -1393269.257507
-1214362.611572 -1393328.141174
-1214349.696533 -1393383.886108
-1214323.683350 -1393434.035645
-1214278.047363 -1393457.877502
-1214223.634521 -1393481.307373
-1214159.504883 -1393493.250427
-1214098.878662 -1393482.279358
-1214043.843262 -1393466.413269
-1213994.685547 -1393449.904785
-1213941.578857 -1393429.189453
-1213887.141602 -1393394.254456
-1213832.594482 -1393350.811157
-1213783.271973 -1393308.068237
-1213742.378418 -1393266.758118
-1213708.015625 -1393225.338135
-1213675.898926 -1393184.557495
-1213637.477295 -1393131.788025
-1213603.090088 -1393086.597595
